energy,0,1,2,3,4,5,6,7,8,9,10,11,12,13,14,15,16,17,18,19,20,21,22,23,24,25,26,27,28,29,30,31,32,33,34,35,36,37,38,39,40,41,42,43,44,45,46,47,48,49,50,51,52,53,54,55,56,57,58,59,60,61,62,63,64,65,66,67,68,69,70,71,72,73,74,75,76,77,78,79,80,81,82,83,84,85,86,87,88,89,90,91,92,93,94,95,96,97,98,99,100,101,102,103,104,105,106,107,108,109,110,111,112,113,114,115,116,117,118,119,120,121,122,123,124,125,126,127,128,129,130,131,132,133,134,135,136,137,138,139,140,141,142,143,144,145,146,147,148,149,150,151,152,153,154,155,156,157,158,159,160,161,162,163,164,165,166,167,168,169,170,171,172,173,174,175,176,177,178,179,180
0.05,46.62750,46.40332,45.73777,44.65147,43.17756,41.35996,39.25113,36.90951,34.39678,31.77524,29.10524,26.44314,23.83947,21.33780,18.97386,16.77531,14.76183,12.94551,11.33160,9.919338,8.702938,7.672583,6.815402,6.116384,5.559196,5.126893,4.802508,4.569527,4.412253,4.316062,4.267588,4.254814,4.267114,4.295248,4.331312,4.368671,4.401866,4.426518,4.439224,4.437445,4.419413,4.384024,4.330754,4.259565,4.170834,4.065283,3.943912,3.807947,3.658786,3.497963,3.327105,3.147897,2.962059,2.771316,2.577381,2.381930,2.186594,1.992940,1.802459,1.616560,1.436560,1.263678,1.099026,9.436097E-1,7.983246E-1,6.639508E-1,5.411543E-1,4.304862E-1,3.323825E-1,2.471659E-1,1.750474E-1,1.161285E-1,7.040473E-2,3.776904E-2,1.801601E-2,1.084649E-2,1.587276E-2,3.262396E-2,6.055203E-2,9.903786E-2,1.473978E-1,2.048904E-1,2.707232E-1,3.440602E-1,4.240283E-1,5.097255E-1,6.002273E-1,6.945945E-1,7.918802E-1,8.911368E-1,9.914233E-1,1.091812,1.191393,1.289285,1.384636,1.476634,1.564507,1.647532,1.725038,1.796411,1.861093,1.918593,1.968484,2.010405,2.044066,2.069245,2.085793,2.093632,2.092751,2.083213,2.065147,2.038748,2.004277,1.962054,1.912460,1.855929,1.792947,1.724046,1.649801,1.570825,1.487764,1.401292,1.312104,1.220915,1.128449,1.035438,9.426156E-1,8.507089E-1,7.604366E-1,6.725021E-1,5.875887E-1,5.063544E-1,4.294277E-1,3.574032E-1,2.908369E-1,2.302425E-1,1.760883E-1,1.287936E-1,8.872559E-2,5.619764E-2,3.146663E-2,1.473156E-2,6.132233E-3,5.748510E-3,1.359989E-2,2.964558E-2,5.378495E-2,8.585846E-2,1.256489E-1,1.728833E-1,2.272348E-1,2.883250E-1,3.557273E-1,4.289695E-1,5.075378E-1,5.908800E-1,6.784097E-1,7.695109E-1,8.635419E-1,9.598401E-1,1.057727,1.156513,1.255501,1.353994,1.451298,1.546727,1.639608,1.729288,1.815133,1.896540,1.972936,2.043782,2.108579,2.166872,2.218249,2.262350,2.298863,2.327533,2.348156,2.360588,2.364742
0.1,80.22539,79.65177,77.96076,75.23905,71.62184,67.28045,62.40744,57.20132,51.85256,46.53227,41.38432,36.52110,32.02263,27.93836,24.29088,21.08068,18.29131,15.89439,13.85405,12.13061,10.68354,9.473494,8.463797,7.621258,6.916586,6.324455,5.823355,5.395298,5.025447,4.701715,4.414370,4.155656,3.919460,3.701013,3.496631,3.303505,3.119515,2.943091,2.773085,2.608686,2.449336,2.294676,2.144497,1.998701,1.857281,1.720289,1.587827,1.460026,1.337045,1.219054,1.106231,9.987583E-1,8.968134E-1,8.005680E-1,7.101838E-1,6.258094E-1,5.475774E-1,4.756020E-1,4.099769E-1,3.507731E-1,2.980375E-1,2.517907E-1,2.120266E-1,1.787107E-1,1.517797E-1,1.311408E-1,1.166715E-1,1.082195E-1,1.056031E-1,1.086120E-1,1.170072E-1,1.305233E-1,1.488685E-1,1.717270E-1,1.987604E-1,2.296098E-1,2.638974E-1,3.012296E-1,3.411987E-1,3.833860E-1,4.273640E-1,4.726996E-1,5.189566E-1,5.656987E-1,6.124927E-1,6.589107E-1,7.045338E-1,7.489542E-1,7.917783E-1,8.326297E-1,8.711510E-1,9.070072E-1,9.398871E-1,9.695062E-1,9.956083E-1,1.017967,1.036389,1.050712,1.060810,1.066591,1.068000,1.065017,1.057661,1.045984,1.030078,1.010069,9.861171E-1,9.584186E-1,9.272013E-1,8.927245E-1,8.552770E-1,8.151756E-1,7.727627E-1,7.284042E-1,6.824870E-1,6.354164E-1,5.876138E-1,5.395134E-1,4.915593E-1,4.442031E-1,3.979003E-1,3.531073E-1,3.102787E-1,2.698636E-1,2.323032E-1,1.980273E-1,1.674512E-1,1.409735E-1,1.189724E-1,1.018038E-1,8.979820E-2,8.325874E-2,8.245859E-2,8.763908E-2,9.900778E-2,1.167368E-1,1.409616E-1,1.717792E-1,2.092478E-1,2.533858E-1,3.041711E-1,3.615411E-1,4.253927E-1,4.955821E-1,5.719260E-1,6.542019E-1,7.421490E-1,8.354697E-1,9.338311E-1,1.036866,1.144176,1.255333,1.369880,1.487337,1.607199,1.728945,1.852033,1.975910,2.100012,2.223767,2.346599,2.467930,2.587187,2.703799,2.817206,2.926860,3.032227,3.132793,3.228064,3.317570,3.400869,3.477547,3.547222,3.609546,3.664208,3.710934,3.749489,3.779680,3.801354,3.814402,3.818759
0.15,97.02013,96.07398,93.30488,88.91124,83.19355,76.51582,69.26297,61.80166,54.45000,47.45905,41.00598,35.19713,30.07760,25.64439,21.86031,18.66673,15.99410,13.76995,11.92441,10.39348,9.120836,8.058327,7.165733,6.410086,5.764757,5.208480,4.724427,4.299352,3.922872,3.586851,3.284904,3.011996,2.764131,2.538105,2.331327,2.141666,1.967355,1.806904,1.659042,1.522674,1.396846,1.280722,1.173563,1.074713,9.835904E-1,8.996731E-1,8.224963E-1,7.516433E-1,6.867405E-1,6.274519E-1,5.734749E-1,5.245358E-1,4.803858E-1,4.407974E-1,4.055611E-1,3.744818E-1,3.473764E-1,3.240703E-1,3.043962E-1,2.881907E-1,2.752933E-1,2.655440E-1,2.587822E-1,2.548457E-1,2.535695E-1,2.547849E-1,2.583195E-1,2.639964E-1,2.716345E-1,2.810481E-1,2.920478E-1,3.044400E-1,3.180285E-1,3.326142E-1,3.479965E-1,3.639737E-1,3.803445E-1,3.969085E-1,4.134676E-1,4.298268E-1,4.457957E-1,4.611894E-1,4.758297E-1,4.895462E-1,5.021776E-1,5.135716E-1,5.235905E-1,5.321034E-1,5.389961E-1,5.441671E-1,5.475297E-1,5.490123E-1,5.485594E-1,5.461319E-1,5.417074E-1,5.352807E-1,5.268642E-1,5.164873E-1,5.041972E-1,4.900583E-1,4.741519E-1,4.565763E-1,4.374460E-1,4.168913E-1,3.950573E-1,3.721039E-1,3.482042E-1,3.235437E-1,2.983199E-1,2.727402E-1,2.470216E-1,2.213890E-1,1.960740E-1,1.713134E-1,1.473481E-1,1.244216E-1,1.027782E-1,8.266207E-2,6.431510E-2,4.797597E-2,3.387837E-2,2.224961E-2,1.330912E-2,7.267063E-3,4.322922E-3,4.664188E-3,8.465071E-3,1.588529E-2,2.706891E-2,4.214329E-2,6.121811E-2,8.438446E-2,1.117140E-1,1.432584E-1,1.790486E-1,2.190944E-1,2.633839E-1,3.118838E-1,3.645386E-1,4.212708E-1,4.819812E-1,5.465490E-1,6.148319E-1,6.866671E-1,7.618711E-1,8.402412E-1,9.215556E-1,1.005575,1.092042,1.180686,1.271218,1.363340,1.456738,1.551089,1.646062,1.741318,1.836509,1.931287,2.025300,2.118193,2.209614,2.299212,2.386641,2.471561,2.553638,2.632548,2.707978,2.779627,2.847207,2.910446,2.969088,3.022896,3.071649,3.115149,3.153217,3.185698,3.212458,3.233387,3.248397,3.257429,3.260444
0.2,107.6366,106.3034,102.4296,96.36971,88.64538,79.86084,70.61704,61.44176,52.74577,44.80723,37.77856,31.70801,26.56738,22.27949,18.74147,15.84220,13.47396,11.53923,9.953803,8.647423,7.562977,6.654925,5.887464,5.232714,4.669090,4.179903,3.752234,3.376025,3.043380,2.748030,2.484931,2.249965,2.039721,1.851328,1.682339,1.530645,1.394407,1.272014,1.162041,1.063226,9.744461E-1,8.947023E-1,8.231035E-1,7.588553E-1,7.012494E-1,6.496545E-1,6.035080E-1,5.623084E-1,5.256097E-1,4.930125E-1,4.641607E-1,4.387357E-1,4.164509E-1,3.970484E-1,3.802941E-1,3.659751E-1,3.538957E-1,3.438753E-1,3.357455E-1,3.293485E-1,3.245346E-1,3.211612E-1,3.190913E-1,3.181926E-1,3.183363E-1,3.193970E-1,3.212518E-1,3.237803E-1,3.268644E-1,3.303880E-1,3.342374E-1,3.383011E-1,3.424706E-1,3.466404E-1,3.507079E-1,3.545745E-1,3.581460E-1,3.613321E-1,3.640482E-1,3.662148E-1,3.677585E-1,3.686119E-1,3.687147E-1,3.680135E-1,3.664624E-1,3.640235E-1,3.606667E-1,3.563698E-1,3.511201E-1,3.449128E-1,3.377519E-1,3.296505E-1,3.206300E-1,3.107212E-1,2.999625E-1,2.884020E-1,2.760954E-1,2.631067E-1,2.495074E-1,2.353767E-1,2.208009E-1,2.058726E-1,1.906908E-1,1.753603E-1,1.599907E-1,1.446965E-1,1.295960E-1,1.148108E-1,1.004654E-1,8.668629E-2,7.360124E-2,6.133878E-2,5.002740E-2,3.979488E-2,3.076752E-2,2.306949E-2,1.682211E-2,1.214314E-2,9.146113E-3,7.939653E-3,8.626842E-3,1.130459E-2,1.606302E-2,2.298490E-2,3.214513E-2,4.361017E-2,5.743766E-2,7.367594E-2,9.236363E-2,1.135293E-1,1.371913E-1,1.633573E-1,1.920241E-1,2.231778E-1,2.567934E-1,2.928346E-1,3.312543E-1,3.719941E-1,4.149850E-1,4.601469E-1,5.073894E-1,5.566118E-1,6.077031E-1,6.605432E-1,7.150023E-1,7.709423E-1,8.282165E-1,8.866706E-1,9.461432E-1,1.006466,1.067466,1.128964,1.190775,1.252714,1.314589,1.376207,1.437376,1.497900,1.557585,1.616236,1.673663,1.729676,1.784088,1.836719,1.887390,1.935931,1.982177,2.025970,2.067159,2.105603,2.141169,2.173733,2.203183,2.229417,2.252341,2.271876,2.287954,2.300518,2.309524,2.314940,2.316748
0.25,115.5019,113.7703,108.7747,101.0686,91.44308,80.77456,69.88244,59.42786,49.86700,41.45275,34.26850,28.27586,23.36207,19.37914,16.17157,13.59345,11.51718,9.836361,8.465238,7.336365,6.397567,5.608923,4.940045,4.367826,3.874620,3.446853,3.073963,2.747615,2.461132,2.209073,1.986936,1.790938,1.617862,1.464938,1.329765,1.210248,1.104546,1.011042,9.283095E-1,8.550915E-1,7.902778E-1,7.328898E-1,6.820652E-1,6.370452E-1,5.971621E-1,5.618292E-1,5.305311E-1,5.028155E-1,4.782851E-1,4.565910E-1,4.374257E-1,4.205185E-1,4.056298E-1,3.925471E-1,3.810807E-1,3.710606E-1,3.623337E-1,3.547607E-1,3.482145E-1,3.425778E-1,3.377421E-1,3.336061E-1,3.300746E-1,3.270578E-1,3.244706E-1,3.222322E-1,3.202656E-1,3.184973E-1,3.168575E-1,3.152797E-1,3.137005E-1,3.120605E-1,3.103034E-1,3.083768E-1,3.062318E-1,3.038237E-1,3.011121E-1,2.980605E-1,2.946369E-1,2.908140E-1,2.865689E-1,2.818840E-1,2.767461E-1,2.711472E-1,2.650841E-1,2.585588E-1,2.515783E-1,2.441544E-1,2.363037E-1,2.280487E-1,2.194149E-1,2.104337E-1,2.011403E-1,1.915746E-1,1.817801E-1,1.718045E-1,1.616988E-1,1.515177E-1,1.413185E-1,1.311617E-1,1.211098E-1,1.112279E-1,1.015825E-1,9.224175E-2,8.327494E-2,7.475206E-2,6.674349E-2,5.931967E-2,5.255072E-2,4.650607E-2,4.125408E-2,3.686176E-2,3.339432E-2,3.091491E-2,2.948422E-2,2.916023E-2,2.999779E-2,3.204842E-2,3.535996E-2,3.997634E-2,4.593729E-2,5.327809E-2,6.202939E-2,7.221697E-2,8.386161E-2,9.697887E-2,1.115788E-1,1.276666E-1,1.452412E-1,1.642961E-1,1.848194E-1,2.067933E-1,2.301943E-1,2.549933E-1,2.811555E-1,3.086405E-1,3.374026E-1,3.673905E-1,3.985479E-1,4.308132E-1,4.641203E-1,4.983979E-1,5.335706E-1,5.695587E-1,6.062785E-1,6.436425E-1,6.815599E-1,7.199369E-1,7.586766E-1,7.976799E-1,8.368455E-1,8.760702E-1,9.152497E-1,9.542782E-1,9.930495E-1,1.031457,1.069395,1.106756,1.143436,1.179330,1.214338,1.248355,1.281286,1.313035,1.343509,1.372619,1.400279,1.426410,1.450929,1.473768,1.494857,1.514134,1.531540,1.547025,1.560540,1.572046,1.581507,1.588896,1.594190,1.597372,1.598434
0.3,121.8596,119.7203,113.5919,104.2679,92.84967,80.50512,68.25950,56.86926,46.78796,38.20100,31.09594,25.33852,20.73663,17.08526,14.19329,11.89626,10.05987,8.578348,7.370392,6.374490,5.544504,4.845918,4.252830,3.745654,3.309402,2.932434,2.605557,2.321379,2.073857,1.857971,1.669492,1.504822,1.360869,1.234958,1.124769,1.028276,9.437161E-1,8.695466E-1,8.044223E-1,7.471696E-1,6.967657E-1,6.523208E-1,6.130615E-1,5.783169E-1,5.475057E-1,5.201245E-1,4.957382E-1,4.739703E-1,4.544953E-1,4.370317E-1,4.213352E-1,4.071937E-1,3.944225E-1,3.828599E-1,3.723636E-1,3.628082E-1,3.540819E-1,3.460846E-1,3.387261E-1,3.319247E-1,3.256055E-1,3.196999E-1,3.141444E-1,3.088803E-1,3.038527E-1,2.990106E-1,2.943068E-1,2.896968E-1,2.851396E-1,2.805973E-1,2.760350E-1,2.714208E-1,2.667259E-1,2.619246E-1,2.569944E-1,2.519154E-1,2.466727E-1,2.412520E-1,2.356441E-1,2.298425E-1,2.238440E-1,2.176486E-1,2.112595E-1,2.046830E-1,1.979285E-1,1.910085E-1,1.839384E-1,1.767362E-1,1.694228E-1,1.620216E-1,1.545584E-1,1.470612E-1,1.395603E-1,1.320877E-1,1.246771E-1,1.173641E-1,1.101852E-1,1.031783E-1,9.638247E-2,8.983713E-2,8.358247E-2,7.765897E-2,7.210725E-2,6.696785E-2,6.228103E-2,5.808652E-2,5.442341E-2,5.132988E-2,4.884303E-2,4.699869E-2,4.583125E-2,4.537348E-2,4.565635E-2,4.670890E-2,4.855807E-2,5.122857E-2,5.474273E-2,5.912038E-2,6.437878E-2,7.053246E-2,7.759321E-2,8.556987E-2,9.446839E-2,1.042917E-1,1.150398E-1,1.267094E-1,1.392944E-1,1.527852E-1,1.671696E-1,1.824319E-1,1.985534E-1,2.155127E-1,2.332850E-1,2.518428E-1,2.711558E-1,2.911906E-1,3.119114E-1,3.332799E-1,3.552549E-1,3.777934E-1,4.008495E-1,4.243758E-1,4.483226E-1,4.726383E-1,4.972700E-1,5.221628E-1,5.472608E-1,5.725069E-1,5.978427E-1,6.232094E-1,6.485471E-1,6.737958E-1,6.988948E-1,7.237837E-1,7.484021E-1,7.726896E-1,7.965865E-1,8.200336E-1,8.429725E-1,8.653459E-1,8.870978E-1,9.081730E-1,9.285182E-1,9.480817E-1,9.668138E-1,9.846678E-1,1.001594,1.017552,1.032501,1.046401,1.059217,1.070915,1.081465,1.090840,1.099014,1.105968,1.111682,1.116142,1.119335,1.121255,1.121896
0.35,127.2653,124.7102,117.4420,106.5328,93.42942,79.59945,66.25118,54.19478,43.83841,35.27010,28.36941,22.90951,18.63149,15.28921,12.67076,10.60477,8.958156,7.630319,6.546457,5.651385,4.904432,4.275459,3.741907,3.286638,2.896410,2.560788,2.271422,2.021468,1.805269,1.618072,1.455842,1.315133,1.192983,1.086836,9.944833E-1,9.140163E-1,8.437826E-1,7.823550E-1,7.285016E-1,6.811607E-1,6.394191E-1,6.024930E-1,5.697104E-1,5.404964E-1,5.143597E-1,4.908814E-1,4.697040E-1,4.505230E-1,4.330784E-1,4.171483E-1,4.025430E-1,3.890998E-1,3.766785E-1,3.651577E-1,3.544321E-1,3.444093E-1,3.350081E-1,3.261564E-1,3.177896E-1,3.098497E-1,3.022844E-1,2.950457E-1,2.880902E-1,2.813777E-1,2.748715E-1,2.685378E-1,2.623459E-1,2.562673E-1,2.502765E-1,2.443502E-1,2.384677E-1,2.326107E-1,2.267634E-1,2.209121E-1,2.150458E-1,2.091546E-1,2.032352E-1,1.972804E-1,1.912892E-1,1.852621E-1,1.792015E-1,1.731120E-1,1.670003E-1,1.608748E-1,1.547461E-1,1.486263E-1,1.425292E-1,1.364703E-1,1.304663E-1,1.245353E-1,1.186968E-1,1.129710E-1,1.073793E-1,1.019437E-1,9.668694E-2,9.163240E-2,8.680371E-2,8.222480E-2,7.791969E-2,7.391246E-2,7.022701E-2,6.688696E-2,6.391558E-2,6.133560E-2,5.916914E-2,5.743758E-2,5.616144E-2,5.536029E-2,5.505267E-2,5.525596E-2,5.598630E-2,5.725855E-2,5.908616E-2,6.148113E-2,6.445393E-2,6.801346E-2,7.216702E-2,7.692017E-2,8.227682E-2,8.823913E-2,9.480747E-2,1.019805E-1,1.097549E-1,1.181258E-1,1.270863E-1,1.366280E-1,1.467403E-1,1.574113E-1,1.686271E-1,1.803721E-1,1.926290E-1,2.053792E-1,2.186020E-1,2.322757E-1,2.463768E-1,2.608805E-1,2.757606E-1,2.909898E-1,3.065394E-1,3.223795E-1,3.384795E-1,3.548077E-1,3.713314E-1,3.880170E-1,4.048307E-1,4.217376E-1,4.387026E-1,4.556899E-1,4.726636E-1,4.895875E-1,5.064254E-1,5.231408E-1,5.396974E-1,5.560591E-1,5.721902E-1,5.880550E-1,6.036184E-1,6.188459E-1,6.337036E-1,6.481585E-1,6.621780E-1,6.757306E-1,6.887859E-1,7.013144E-1,7.132877E-1,7.246788E-1,7.354617E-1,7.456119E-1,7.551065E-1,7.639236E-1,7.720432E-1,7.794466E-1,7.861171E-1,7.920393E-1,7.971996E-1,8.015862E-1,8.051891E-1,8.080000E-1,8.100124E-1,8.112215E-1,8.116249E-1
0.4,132.0078,129.0300,120.6178,108.1592,93.47534,78.33301,64.09465,51.58273,41.12491,32.69329,26.05795,20.90942,16.93657,13.86631,11.47711,9.598073,8.101426,6.893466,5.906066,5.089723,4.408245,3.834846,3.349384,2.936418,2.583870,2.282107,2.023306,1.801015,1.609846,1.445255,1.303379,1.180926,1.075076,9.834083E-1,9.038505E-1,8.346245E-1,7.742079E-1,7.212991E-1,6.747879E-1,6.337287E-1,5.973183E-1,5.648753E-1,5.358238E-1,5.096768E-1,4.860236E-1,4.645182E-1,4.448690E-1,4.268304E-1,4.101954E-1,3.947886E-1,3.804619E-1,3.670890E-1,3.545622E-1,3.427885E-1,3.316878E-1,3.211901E-1,3.112338E-1,3.017646E-1,2.927338E-1,2.840979E-1,2.758174E-1,2.678566E-1,2.601830E-1,2.527668E-1,2.455807E-1,2.386003E-1,2.318028E-1,2.251680E-1,2.186775E-1,2.123151E-1,2.060663E-1,1.999188E-1,1.938620E-1,1.878870E-1,1.819870E-1,1.761567E-1,1.703926E-1,1.646928E-1,1.590571E-1,1.534866E-1,1.479841E-1,1.425537E-1,1.372007E-1,1.319318E-1,1.267547E-1,1.216781E-1,1.167120E-1,1.118668E-1,1.071539E-1,1.025855E-1,9.817409E-2,9.393291E-2,8.987543E-2,8.601547E-2,8.236703E-2,7.894424E-2,7.576122E-2,7.283207E-2,7.017071E-2,6.779083E-2,6.570581E-2,6.392865E-2,6.247190E-2,6.134756E-2,6.056706E-2,6.014117E-2,6.007995E-2,6.039269E-2,6.108788E-2,6.217314E-2,6.365520E-2,6.553985E-2,6.783191E-2,7.053519E-2,7.365249E-2,7.718556E-2,8.113511E-2,8.550071E-2,9.028090E-2,9.547313E-2,1.010737E-1,1.070780E-1,1.134800E-1,1.202730E-1,1.274489E-1,1.349987E-1,1.429124E-1,1.511789E-1,1.597863E-1,1.687215E-1,1.779706E-1,1.875189E-1,1.973507E-1,2.074497E-1,2.177983E-1,2.283789E-1,2.391727E-1,2.501604E-1,2.613222E-1,2.726375E-1,2.840854E-1,2.956447E-1,3.072934E-1,3.190094E-1,3.307703E-1,3.425535E-1,3.543362E-1,3.660953E-1,3.778078E-1,3.894507E-1,4.010010E-1,4.124357E-1,4.237320E-1,4.348673E-1,4.458198E-1,4.565667E-1,4.670868E-1,4.773586E-1,4.873615E-1,4.970750E-1,5.064795E-1,5.155558E-1,5.242855E-1,5.326505E-1,5.406339E-1,5.482192E-1,5.553910E-1,5.621344E-1,5.684357E-1,5.742819E-1,5.796609E-1,5.845616E-1,5.889740E-1,5.928891E-1,5.962986E-1,5.991955E-1,6.015740E-1,6.034291E-1,6.047568E-1,6.055545E-1,6.058205E-1
0.45,136.2550,132.8484,123.2904,109.3203,93.15676,76.85867,61.90997,49.10684,38.66942,30.44465,24.09848,19.25148,15.55420,12.71795,10.51926,8.791950,7.415392,6.302986,5.392693,4.639784,4.011605,3.483897,3.038270,2.660480,2.339263,2.065541,1.831883,1.632125,1.461104,1.314464,1.188515,1.080119,9.866074E-1,9.057076E-1,8.354878E-1,7.743068E-1,7.207739E-1,6.737124E-1,6.321296E-1,5.951889E-1,5.621882E-1,5.325387E-1,5.057477E-1,4.814036E-1,4.591627E-1,4.387385E-1,4.198916E-1,4.024221E-1,3.861625E-1,3.709723E-1,3.567328E-1,3.433431E-1,3.307174E-1,3.187816E-1,3.074715E-1,2.967310E-1,2.865105E-1,2.767659E-1,2.674577E-1,2.585502E-1,2.500110E-1,2.418105E-1,2.339218E-1,2.263203E-1,2.189834E-1,2.118906E-1,2.050231E-1,1.983639E-1,1.918980E-1,1.856116E-1,1.794929E-1,1.735313E-1,1.677180E-1,1.620454E-1,1.565074E-1,1.510994E-1,1.458178E-1,1.406604E-1,1.356262E-1,1.307153E-1,1.259285E-1,1.212680E-1,1.167367E-1,1.123384E-1,1.080774E-1,1.039589E-1,9.998865E-2,9.617290E-2,9.251829E-2,8.903192E-2,8.572114E-2,8.259352E-2,7.965679E-2,7.691889E-2,7.438763E-2,7.207088E-2,6.997644E-2,6.811195E-2,6.648485E-2,6.510233E-2,6.397132E-2,6.309839E-2,6.248974E-2,6.215115E-2,6.208795E-2,6.230498E-2,6.280655E-2,6.359645E-2,6.467789E-2,6.605346E-2,6.772518E-2,6.969441E-2,7.196189E-2,7.452767E-2,7.739116E-2,8.055110E-2,8.400555E-2,8.775185E-2,9.178675E-2,9.610626E-2,1.007057E-1,1.055798E-1,1.107226E-1,1.161275E-1,1.217871E-1,1.276938E-1,1.338389E-1,1.402134E-1,1.468078E-1,1.536119E-1,1.606150E-1,1.678058E-1,1.751727E-1,1.827038E-1,1.903860E-1,1.982069E-1,2.061530E-1,2.142108E-1,2.223661E-1,2.306048E-1,2.389123E-1,2.472741E-1,2.556751E-1,2.641004E-1,2.725347E-1,2.809629E-1,2.893696E-1,2.977395E-1,3.060573E-1,3.143077E-1,3.224757E-1,3.305457E-1,3.385031E-1,3.463333E-1,3.540215E-1,3.615532E-1,3.689146E-1,3.760918E-1,3.830714E-1,3.898402E-1,3.963855E-1,4.026950E-1,4.087568E-1,4.145595E-1,4.200918E-1,4.253437E-1,4.303051E-1,4.349664E-1,4.393189E-1,4.433545E-1,4.470653E-1,4.504443E-1,4.534851E-1,4.561820E-1,4.585296E-1,4.605239E-1,4.621606E-1,4.634370E-1,4.643504E-1,4.648990E-1,4.650820E-1
0.5,140.1131,136.2721,125.5685,110.1262,92.57966,75.26728,59.76014,46.79375,36.46128,28.48235,22.42803,17.86217,14.40895,11.77260,9.732642,8.129894,6.851294,5.816914,4.969978,4.269657,3.686063,3.196846,2.784909,2.436882,2.142098,1.891898,1.679160,1.497964,1.343350,1.211146,1.097830,1.000426,9.164196E-1,8.436857E-1,7.804344E-1,7.251594E-1,6.765956E-1,6.336835E-1,5.955381E-1,5.614219E-1,5.307210E-1,5.029259E-1,4.776145E-1,4.544368E-1,4.331032E-1,4.133734E-1,3.950483E-1,3.779621E-1,3.619761E-1,3.469740E-1,3.328575E-1,3.195428E-1,3.069581E-1,2.950410E-1,2.837371E-1,2.729981E-1,2.627813E-1,2.530479E-1,2.437632E-1,2.348953E-1,2.264152E-1,2.182963E-1,2.105141E-1,2.030460E-1,1.958713E-1,1.889712E-1,1.823282E-1,1.759266E-1,1.697520E-1,1.637917E-1,1.580342E-1,1.524693E-1,1.470881E-1,1.418829E-1,1.368472E-1,1.319756E-1,1.272637E-1,1.227080E-1,1.183062E-1,1.140564E-1,1.099580E-1,1.060106E-1,1.022148E-1,9.857178E-2,9.508312E-2,9.175088E-2,8.857761E-2,8.556620E-2,8.271979E-2,8.004179E-2,7.753576E-2,7.520547E-2,7.305472E-2,7.108734E-2,6.930722E-2,6.771815E-2,6.632390E-2,6.512804E-2,6.413402E-2,6.334516E-2,6.276448E-2,6.239481E-2,6.223869E-2,6.229838E-2,6.257581E-2,6.307259E-2,6.378997E-2,6.472885E-2,6.588974E-2,6.727276E-2,6.887762E-2,7.070364E-2,7.274973E-2,7.501435E-2,7.749556E-2,8.019099E-2,8.309784E-2,8.621288E-2,8.953249E-2,9.305261E-2,9.676873E-2,1.006760E-1,1.047691E-1,1.090424E-1,1.134899E-1,1.181050E-1,1.228811E-1,1.278108E-1,1.328870E-1,1.381017E-1,1.434468E-1,1.489138E-1,1.544942E-1,1.601790E-1,1.659590E-1,1.718249E-1,1.777670E-1,1.837756E-1,1.898407E-1,1.959521E-1,2.020997E-1,2.082730E-1,2.144617E-1,2.206552E-1,2.268431E-1,2.330146E-1,2.391592E-1,2.452663E-1,2.513254E-1,2.573259E-1,2.632578E-1,2.691098E-1,2.748726E-1,2.805359E-1,2.860896E-1,2.915241E-1,2.968298E-1,3.019973E-1,3.070176E-1,3.118817E-1,3.165811E-1,3.211074E-1,3.254526E-1,3.296091E-1,3.335690E-1,3.373260E-1,3.408729E-1,3.442035E-1,3.473119E-1,3.501926E-1,3.528403E-1,3.552504E-1,3.574185E-1,3.593408E-1,3.610138E-1,3.624345E-1,3.636004E-1,3.645094E-1,3.651599E-1,3.655505E-1,3.656808E-1
0.55,143.6538,139.3736,127.5263,110.6518,91.81468,73.61559,57.67832,44.64812,34.47824,26.76392,20.99256,16.68371,13.44493,10.97949,9.072914,7.573923,6.376826,5.407653,4.614073,3.958412,3.412950,2.956796,2.573834,2.251359,1.979165,1.748933,1.553805,1.388082,1.246999,1.126563,1.023421,9.347584E-1,8.582128E-1,7.918063E-1,7.338848E-1,6.830689E-1,6.382109E-1,5.983583E-1,5.627221E-1,5.306507E-1,5.016064E-1,4.751465E-1,4.509062E-1,4.285855E-1,4.079368E-1,3.887450E-1,3.708727E-1,3.541470E-1,3.384604E-1,3.237130E-1,3.098203E-1,2.967091E-1,2.843165E-1,2.725868E-1,2.614712E-1,2.509256E-1,2.409106E-1,2.313903E-1,2.223317E-1,2.137048E-1,2.054820E-1,1.976374E-1,1.901469E-1,1.829902E-1,1.761454E-1,1.695947E-1,1.633208E-1,1.573080E-1,1.515423E-1,1.460104E-1,1.407007E-1,1.356028E-1,1.307071E-1,1.260053E-1,1.214902E-1,1.171553E-1,1.129952E-1,1.090052E-1,1.051814E-1,1.015207E-1,9.802052E-2,9.467887E-2,9.149440E-2,8.846617E-2,8.559366E-2,8.287676E-2,8.031570E-2,7.791092E-2,7.566313E-2,7.357327E-2,7.164239E-2,6.987164E-2,6.826229E-2,6.681562E-2,6.553293E-2,6.441551E-2,6.346461E-2,6.268137E-2,6.206688E-2,6.162211E-2,6.134785E-2,6.124477E-2,6.131338E-2,6.155397E-2,6.196664E-2,6.255128E-2,6.330757E-2,6.423494E-2,6.533257E-2,6.659942E-2,6.803418E-2,6.963528E-2,7.140089E-2,7.332892E-2,7.541700E-2,7.766252E-2,8.006259E-2,8.261404E-2,8.531347E-2,8.815720E-2,9.114127E-2,9.426151E-2,9.751352E-2,1.008926E-1,1.043938E-1,1.080120E-1,1.117420E-1,1.155778E-1,1.195143E-1,1.235450E-1,1.276639E-1,1.318646E-1,1.361408E-1,1.404856E-1,1.448924E-1,1.493542E-1,1.538640E-1,1.584145E-1,1.629987E-1,1.676090E-1,1.722382E-1,1.768788E-1,1.815232E-1,1.861640E-1,1.907935E-1,1.954042E-1,1.999886E-1,2.045391E-1,2.090483E-1,2.135087E-1,2.179129E-1,2.222536E-1,2.265237E-1,2.307160E-1,2.348234E-1,2.388392E-1,2.427566E-1,2.465691E-1,2.502701E-1,2.538536E-1,2.573135E-1,2.606439E-1,2.638392E-1,2.668939E-1,2.698029E-1,2.725615E-1,2.751647E-1,2.776082E-1,2.798877E-1,2.819996E-1,2.839400E-1,2.857058E-1,2.872939E-1,2.887016E-1,2.899266E-1,2.909666E-1,2.918200E-1,2.924853E-1,2.929613E-1,2.932472E-1,2.933426E-1
0.6,146.9284,142.2047,129.2169,110.9509,90.91121,71.94043,55.68146,42.66435,32.69523,25.25131,19.74810,15.67184,12.62117,10.30260,8.509315,7.098110,5.970128,5.056598,4.308905,3.691926,3.179655,2.752344,2.394641,2.094367,1.841697,1.628600,1.448460,1.295784,1.165998,1.055285,9.604599E-1,8.788663E-1,8.082914E-1,7.468964E-1,6.931558E-1,6.458079E-1,6.038119E-1,5.663103E-1,5.325985E-1,5.020990E-1,4.743383E-1,4.489281E-1,4.255508E-1,4.039453E-1,3.838969E-1,3.652283E-1,3.477909E-1,3.314627E-1,3.161391E-1,3.017316E-1,2.881640E-1,2.753702E-1,2.632921E-1,2.518779E-1,2.410814E-1,2.308608E-1,2.211781E-1,2.119981E-1,2.032889E-1,1.950207E-1,1.871659E-1,1.796992E-1,1.725969E-1,1.658369E-1,1.593992E-1,1.532649E-1,1.474167E-1,1.418388E-1,1.365165E-1,1.314365E-1,1.265866E-1,1.219558E-1,1.175342E-1,1.133126E-1,1.092830E-1,1.054382E-1,1.017719E-1,9.827982E-2,9.495230E-2,9.178980E-2,8.878690E-2,8.594034E-2,8.324738E-2,8.070562E-2,7.831306E-2,7.606807E-2,7.396929E-2,7.201559E-2,7.020604E-2,6.853999E-2,6.701682E-2,6.563608E-2,6.439744E-2,6.330056E-2,6.234519E-2,6.153109E-2,6.085800E-2,6.032565E-2,5.993371E-2,5.968182E-2,5.956953E-2,5.959631E-2,5.976153E-2,6.006444E-2,6.050420E-2,6.107981E-2,6.179017E-2,6.263401E-2,6.360993E-2,6.471638E-2,6.595163E-2,6.731383E-2,6.880094E-2,7.041075E-2,7.214092E-2,7.398891E-2,7.595204E-2,7.802743E-2,8.021210E-2,8.250284E-2,8.489632E-2,8.738902E-2,8.997736E-2,9.265745E-2,9.542541E-2,9.827710E-2,1.012083E-1,1.042147E-1,1.072918E-1,1.104350E-1,1.136395E-1,1.169005E-1,1.202131E-1,1.235724E-1,1.269731E-1,1.304101E-1,1.338781E-1,1.373717E-1,1.408857E-1,1.444147E-1,1.479529E-1,1.514951E-1,1.550358E-1,1.585693E-1,1.620901E-1,1.655929E-1,1.690718E-1,1.725215E-1,1.759367E-1,1.793118E-1,1.826414E-1,1.859265E-1,1.891433E-1,1.923052E-1,1.954008E-1,1.984253E-1,2.013740E-1,2.042419E-1,2.070242E-1,2.097166E-1,2.123151E-1,2.148150E-1,2.172122E-1,2.195032E-1,2.216840E-1,2.237511E-1,2.257012E-1,2.275311E-1,2.292377E-1,2.308183E-1,2.322702E-1,2.335912E-1,2.347790E-1,2.358318E-1,2.367476E-1,2.375252E-1,2.381631E-1,2.386604E-1,2.390161E-1,2.392298E-1,2.393012E-1
0.65,149.9751,144.8040,130.6803,111.0638,89.90521,70.26630,53.77710,40.83230,31.08809,23.91216,18.65963,14.79290,11.90755,9.716099,8.020177,6.684384,5.616038,4.750853,4.043313,3.460375,2.977405,2.575567,2.240126,1.959336,1.723703,1.525451,1.358194,1.216637,1.096391,9.938160E-1,9.058889E-1,8.301073E-1,7.644012E-1,7.070626E-1,6.566861E-1,6.121176E-1,5.724112E-1,5.367938E-1,5.046340E-1,4.754168E-1,4.487219E-1,4.242065E-1,4.015897E-1,3.806414E-1,3.611717E-1,3.430230E-1,3.260640E-1,3.101834E-1,2.952870E-1,2.812934E-1,2.681317E-1,2.557398E-1,2.440623E-1,2.330495E-1,2.226562E-1,2.128415E-1,2.035676E-1,1.947997E-1,1.865056E-1,1.786557E-1,1.712221E-1,1.641792E-1,1.575031E-1,1.511716E-1,1.451642E-1,1.394620E-1,1.340473E-1,1.289038E-1,1.240168E-1,1.193726E-1,1.149585E-1,1.107631E-1,1.067760E-1,1.029877E-1,9.938939E-2,9.597338E-2,9.273258E-2,8.966055E-2,8.675161E-2,8.400059E-2,8.140282E-2,7.895418E-2,7.665101E-2,7.448993E-2,7.246801E-2,7.058261E-2,6.883134E-2,6.721212E-2,6.572292E-2,6.436216E-2,6.312816E-2,6.201951E-2,6.103487E-2,6.017297E-2,5.943264E-2,5.881272E-2,5.831209E-2,5.792967E-2,5.766435E-2,5.751502E-2,5.748054E-2,5.755975E-2,5.775144E-2,5.805432E-2,5.846708E-2,5.898833E-2,5.961658E-2,6.035030E-2,6.118786E-2,6.212753E-2,6.316750E-2,6.430586E-2,6.554063E-2,6.686969E-2,6.829084E-2,6.980179E-2,7.140013E-2,7.308336E-2,7.484888E-2,7.669396E-2,7.861583E-2,8.061153E-2,8.267819E-2,8.481259E-2,8.701161E-2,8.927193E-2,9.159022E-2,9.396304E-2,9.638688E-2,9.885814E-2,1.013731E-1,1.039282E-1,1.065194E-1,1.091430E-1,1.117950E-1,1.144716E-1,1.171687E-1,1.198822E-1,1.226081E-1,1.253424E-1,1.280808E-1,1.308193E-1,1.335538E-1,1.362800E-1,1.389938E-1,1.416913E-1,1.443681E-1,1.470202E-1,1.496437E-1,1.522344E-1,1.547883E-1,1.573017E-1,1.597705E-1,1.621909E-1,1.645593E-1,1.668720E-1,1.691253E-1,1.713158E-1,1.734400E-1,1.754945E-1,1.774765E-1,1.793827E-1,1.812096E-1,1.829550E-1,1.846159E-1,1.861898E-1,1.876740E-1,1.890664E-1,1.903647E-1,1.915668E-1,1.926708E-1,1.936751E-1,1.945780E-1,1.953780E-1,1.960740E-1,1.966648E-1,1.971494E-1,1.975272E-1,1.977975E-1,1.979597E-1,1.980138E-1
0.7,152.8237,147.2018,131.9477,111.0216,88.82354,68.60969,51.96744,39.14015,29.63486,22.71946,17.69943,14.02124,11.28175,9.201222,7.589950,6.319859,5.303764,4.481230,3.809331,3.256731,2.799917,2.420799,2.105154,1.841611,1.620967,1.435688,1.279603,1.147614,1.035514,9.398309E-1,8.577035E-1,7.867755E-1,7.251118E-1,6.711272E-1,6.235256E-1,5.812498E-1,5.434392E-1,5.093937E-1,4.785446E-1,4.504298E-1,4.246734E-1,4.009684E-1,3.790640E-1,3.587538E-1,3.398668E-1,3.222602E-1,3.058140E-1,2.904256E-1,2.760070E-1,2.624815E-1,2.497815E-1,2.378470E-1,2.266239E-1,2.160632E-1,2.061204E-1,1.967544E-1,1.879274E-1,1.796044E-1,1.717531E-1,1.643433E-1,1.573471E-1,1.507385E-1,1.444934E-1,1.385893E-1,1.330056E-1,1.277230E-1,1.227239E-1,1.179916E-1,1.135112E-1,1.092688E-1,1.052516E-1,1.014478E-1,9.784670E-2,9.443847E-2,9.121410E-2,8.816543E-2,8.528494E-2,8.256579E-2,8.000182E-2,7.758733E-2,7.531718E-2,7.318666E-2,7.119159E-2,6.932797E-2,6.759229E-2,6.598133E-2,6.449207E-2,6.312180E-2,6.186800E-2,6.072834E-2,5.970064E-2,5.878289E-2,5.797318E-2,5.726972E-2,5.667077E-2,5.617473E-2,5.577996E-2,5.548495E-2,5.528817E-2,5.518813E-2,5.518333E-2,5.527231E-2,5.545356E-2,5.572557E-2,5.608681E-2,5.653572E-2,5.707072E-2,5.769018E-2,5.839241E-2,5.917571E-2,6.003830E-2,6.097837E-2,6.199404E-2,6.308338E-2,6.424440E-2,6.547506E-2,6.677337E-2,6.813677E-2,6.956343E-2,7.105091E-2,7.259688E-2,7.419892E-2,7.585454E-2,7.756123E-2,7.931643E-2,8.111742E-2,8.296155E-2,8.484607E-2,8.676819E-2,8.872507E-2,9.071382E-2,9.273149E-2,9.477515E-2,9.684177E-2,9.892832E-2,1.010318E-1,1.031490E-1,1.052769E-1,1.074123E-1,1.095522E-1,1.116933E-1,1.138325E-1,1.159668E-1,1.180928E-1,1.202075E-1,1.223078E-1,1.243904E-1,1.264523E-1,1.284907E-1,1.305022E-1,1.324840E-1,1.344331E-1,1.363465E-1,1.382214E-1,1.400550E-1,1.418446E-1,1.435874E-1,1.452808E-1,1.469223E-1,1.485094E-1,1.500397E-1,1.515108E-1,1.529206E-1,1.542668E-1,1.555475E-1,1.567607E-1,1.579045E-1,1.589772E-1,1.599773E-1,1.609030E-1,1.617531E-1,1.625262E-1,1.632211E-1,1.638368E-1,1.643723E-1,1.648269E-1,1.651998E-1,1.654903E-1,1.656982E-1,1.658231E-1,1.658648E-1
0.75,155.4979,149.4221,133.0441,110.8493,87.68682,66.98187,50.25150,37.57584,28.31623,21.65093,16.84558,13.33717,10.72700,8.744096,7.207247,5.995134,5.025430,4.241005,3.601110,3.075828,2.642575,2.283884,1.985973,1.737805,1.530440,1.356586,1.210269,1.086586,9.815089E-1,8.917310E-1,8.145429E-1,7.477287E-1,6.894799E-1,6.383244E-1,5.930658E-1,5.527340E-1,5.165428E-1,4.838561E-1,4.541585E-1,4.270321E-1,4.021373E-1,3.791967E-1,3.579828E-1,3.383074E-1,3.200143E-1,3.029705E-1,2.870651E-1,2.722010E-1,2.582944E-1,2.452715E-1,2.330664E-1,2.216203E-1,2.108796E-1,2.007956E-1,1.913237E-1,1.824227E-1,1.740545E-1,1.661840E-1,1.587782E-1,1.518071E-1,1.452424E-1,1.390585E-1,1.332293E-1,1.277342E-1,1.225517E-1,1.176626E-1,1.130490E-1,1.086946E-1,1.045840E-1,1.007034E-1,9.703997E-2,9.358179E-2,9.031809E-2,8.723886E-2,8.433497E-2,8.159807E-2,7.902044E-2,7.659504E-2,7.431547E-2,7.217576E-2,7.017048E-2,6.829470E-2,6.654380E-2,6.491359E-2,6.340017E-2,6.200004E-2,6.070980E-2,5.952644E-2,5.844709E-2,5.746912E-2,5.658999E-2,5.580741E-2,5.511916E-2,5.452316E-2,5.401741E-2,5.360005E-2,5.326920E-2,5.302313E-2,5.286010E-2,5.277845E-2,5.277653E-2,5.285276E-2,5.300548E-2,5.323314E-2,5.353414E-2,5.390689E-2,5.434979E-2,5.486124E-2,5.543962E-2,5.608328E-2,5.679056E-2,5.755977E-2,5.838919E-2,5.927709E-2,6.022169E-2,6.122117E-2,6.227370E-2,6.337740E-2,6.453035E-2,6.573062E-2,6.697621E-2,6.826512E-2,6.959528E-2,7.096461E-2,7.237103E-2,7.381227E-2,7.528620E-2,7.679065E-2,7.832333E-2,7.988196E-2,8.146425E-2,8.306783E-2,8.469043E-2,8.632964E-2,8.798304E-2,8.964826E-2,9.132291E-2,9.300449E-2,9.469062E-2,9.637886E-2,9.806675E-2,9.975182E-2,1.014318E-1,1.031040E-1,1.047662E-1,1.064160E-1,1.080507E-1,1.096682E-1,1.112664E-1,1.128425E-1,1.143945E-1,1.159200E-1,1.174169E-1,1.188828E-1,1.203158E-1,1.217138E-1,1.230746E-1,1.243963E-1,1.256770E-1,1.269147E-1,1.281077E-1,1.292546E-1,1.303526E-1,1.314010E-1,1.323982E-1,1.333425E-1,1.342327E-1,1.350672E-1,1.358451E-1,1.365651E-1,1.372260E-1,1.378270E-1,1.383672E-1,1.388457E-1,1.392619E-1,1.396151E-1,1.399048E-1,1.401305E-1,1.402921E-1,1.403890E-1,1.404213E-1
0.8,158.0171,151.4847,133.9900,110.5668,86.51108,65.39039,48.62647,36.12779,27.11540,20.68820,16.08066,12.72543,10.23057,8.334300,6.863564,5.703197,4.775152,4.025140,3.414256,2.913776,2.501901,2.161697,1.879774,1.645395,1.449876,1.286144,1.148430,1.032017,9.330504E-1,8.483832E-1,7.754525E-1,7.121740E-1,6.568570E-1,6.081331E-1,5.648962E-1,5.262532E-1,4.914840E-1,4.600072E-1,4.313528E-1,4.051400E-1,3.810588E-1,3.588555E-1,3.383211E-1,3.192816E-1,3.015911E-1,2.851256E-1,2.697788E-1,2.554581E-1,2.420823E-1,2.295793E-1,2.178844E-1,2.069390E-1,1.966900E-1,1.870885E-1,1.780897E-1,1.696522E-1,1.617378E-1,1.543110E-1,1.473389E-1,1.407911E-1,1.346393E-1,1.288574E-1,1.234211E-1,1.183079E-1,1.134970E-1,1.089693E-1,1.047071E-1,1.006940E-1,9.691493E-2,9.335604E-2,9.000455E-2,8.684866E-2,8.387763E-2,8.108148E-2,7.845110E-2,7.597810E-2,7.365475E-2,7.147396E-2,6.942922E-2,6.751452E-2,6.572433E-2,6.405358E-2,6.249754E-2,6.105188E-2,5.971261E-2,5.847598E-2,5.733851E-2,5.629705E-2,5.534854E-2,5.449023E-2,5.371940E-2,5.303365E-2,5.243063E-2,5.190811E-2,5.146399E-2,5.109626E-2,5.080301E-2,5.058237E-2,5.043256E-2,5.035186E-2,5.033857E-2,5.039105E-2,5.050768E-2,5.068689E-2,5.092710E-2,5.122675E-2,5.158432E-2,5.199825E-2,5.246703E-2,5.298911E-2,5.356295E-2,5.418702E-2,5.485975E-2,5.557959E-2,5.634495E-2,5.715424E-2,5.800585E-2,5.889815E-2,5.982951E-2,6.079825E-2,6.180270E-2,6.284114E-2,6.391188E-2,6.501316E-2,6.614328E-2,6.730032E-2,6.848256E-2,6.968824E-2,7.091549E-2,7.216246E-2,7.342731E-2,7.470814E-2,7.600308E-2,7.731025E-2,7.862773E-2,7.995361E-2,8.128603E-2,8.262297E-2,8.396257E-2,8.530294E-2,8.664212E-2,8.797814E-2,8.930931E-2,9.063354E-2,9.194897E-2,9.325378E-2,9.454608E-2,9.582406E-2,9.708590E-2,9.832978E-2,9.955394E-2,1.007567E-1,1.019363E-1,1.030910E-1,1.042192E-1,1.053195E-1,1.063901E-1,1.074295E-1,1.084362E-1,1.094088E-1,1.103460E-1,1.112469E-1,1.121086E-1,1.129315E-1,1.137139E-1,1.144546E-1,1.151527E-1,1.158070E-1,1.164168E-1,1.169811E-1,1.174990E-1,1.179699E-1,1.183930E-1,1.187678E-1,1.190938E-1,1.193703E-1,1.195972E-1,1.197740E-1,1.199004E-1,1.199764E-1,1.200017E-1
0.85,160.3972,153.4059,134.8025,110.1909,85.30900,63.84023,47.08853,34.78522,26.01793,19.81613,15.39070,12.17410,9.782647,7.963880,6.552430,5.438708,4.548433,3.829771,3.245389,2.767580,2.375218,2.051840,1.784406,1.562461,1.377563,1.222856,1.092769,9.827666E-1,8.891617E-1,8.089616E-1,7.397416E-1,6.795417E-1,6.267796E-1,5.801816E-1,5.387229E-1,5.015790E-1,4.680872E-1,4.377134E-1,4.100259E-1,3.846748E-1,3.613746E-1,3.398904E-1,3.200278E-1,3.016239E-1,2.845407E-1,2.686602E-1,2.538799E-1,2.401101E-1,2.272713E-1,2.152924E-1,2.041093E-1,1.936636E-1,1.839022E-1,1.747762E-1,1.662406E-1,1.582539E-1,1.507778E-1,1.437766E-1,1.372176E-1,1.310704E-1,1.253066E-1,1.199004E-1,1.148276E-1,1.100659E-1,1.055948E-1,1.013953E-1,9.744988E-2,9.374253E-2,9.025832E-2,8.698362E-2,8.390586E-2,8.101339E-2,7.829566E-2,7.574282E-2,7.334588E-2,7.109657E-2,6.898723E-2,6.701085E-2,6.516098E-2,6.343161E-2,6.181728E-2,6.031289E-2,5.891373E-2,5.761545E-2,5.641405E-2,5.530575E-2,5.428701E-2,5.335469E-2,5.250567E-2,5.173719E-2,5.104643E-2,5.043101E-2,4.988853E-2,4.941673E-2,4.901348E-2,4.867678E-2,4.840466E-2,4.819528E-2,4.804686E-2,4.795767E-2,4.792604E-2,4.795037E-2,4.802907E-2,4.816061E-2,4.834347E-2,4.857618E-2,4.885728E-2,4.918532E-2,4.955888E-2,4.997653E-2,5.043686E-2,5.093848E-2,5.147997E-2,5.205993E-2,5.267697E-2,5.332968E-2,5.401663E-2,5.473643E-2,5.548764E-2,5.626885E-2,5.707861E-2,5.791546E-2,5.877798E-2,5.966469E-2,6.057419E-2,6.150477E-2,6.245519E-2,6.342386E-2,6.440929E-2,6.540995E-2,6.642436E-2,6.745097E-2,6.848825E-2,6.953470E-2,7.058877E-2,7.164892E-2,7.271364E-2,7.378139E-2,7.485061E-2,7.591985E-2,7.698753E-2,7.805214E-2,7.911222E-2,8.016625E-2,8.121272E-2,8.225022E-2,8.327726E-2,8.429240E-2,8.529427E-2,8.628141E-2,8.725248E-2,8.820614E-2,8.914102E-2,9.005585E-2,9.094921E-2,9.182028E-2,9.266743E-2,9.348962E-2,9.428573E-2,9.505456E-2,9.579518E-2,9.650646E-2,9.718755E-2,9.783723E-2,9.845483E-2,9.903943E-2,9.959021E-2,1.001064E-1,1.005874E-1,1.010323E-1,1.014407E-1,1.018119E-1,1.021454E-1,1.024408E-1,1.026953E-1,1.029155E-1,1.030943E-1,1.032336E-1,1.033331E-1,1.033930E-1,1.034130E-1
0.9,162.6521,155.1996,135.4961,109.7354,84.09065,62.33454,45.63331,33.53825,25.01140,19.02220,14.76449,11.67377,9.375576,7.626659,6.268828,5.197520,4.341772,3.651876,3.091859,2.634889,2.260428,1.952434,1.698190,1.487510,1.312184,1.165568,1.042282,9.379706E-1,8.491075E-1,7.728471E-1,7.068957E-1,6.494081E-1,5.989031E-1,5.541925E-1,5.143245E-1,4.785355E-1,4.462124E-1,4.168618E-1,3.900848E-1,3.655570E-1,3.430129E-1,3.222330E-1,3.030342E-1,2.852621E-1,2.687850E-1,2.534889E-1,2.392744E-1,2.260536E-1,2.137481E-1,2.022877E-1,1.916084E-1,1.816520E-1,1.723655E-1,1.636998E-1,1.556100E-1,1.480546E-1,1.409953E-1,1.343966E-1,1.282258E-1,1.224527E-1,1.170494E-1,1.119901E-1,1.072509E-1,1.028101E-1,9.864723E-2,9.474380E-2,9.108262E-2,8.764794E-2,8.442516E-2,8.140097E-2,7.856310E-2,7.590011E-2,7.340177E-2,7.105842E-2,6.886128E-2,6.680228E-2,6.487391E-2,6.306933E-2,6.138221E-2,5.980667E-2,5.833733E-2,5.696921E-2,5.569764E-2,5.451839E-2,5.342746E-2,5.242117E-2,5.149597E-2,5.064881E-2,4.987658E-2,4.917651E-2,4.854594E-2,4.798240E-2,4.748355E-2,4.704715E-2,4.667114E-2,4.635350E-2,4.609233E-2,4.588583E-2,4.573224E-2,4.562990E-2,4.557720E-2,4.557257E-2,4.561451E-2,4.570154E-2,4.583224E-2,4.600522E-2,4.621909E-2,4.647253E-2,4.676420E-2,4.709279E-2,4.745703E-2,4.785564E-2,4.828734E-2,4.875089E-2,4.924503E-2,4.976852E-2,5.032012E-2,5.089859E-2,5.150269E-2,5.213119E-2,5.278285E-2,5.345643E-2,5.415070E-2,5.486442E-2,5.559635E-2,5.634524E-2,5.710986E-2,5.788894E-2,5.868127E-2,5.948556E-2,6.030061E-2,6.112514E-2,6.195790E-2,6.279767E-2,6.364320E-2,6.449322E-2,6.534652E-2,6.620187E-2,6.705800E-2,6.791377E-2,6.876791E-2,6.961920E-2,7.046648E-2,7.130857E-2,7.214423E-2,7.297237E-2,7.379182E-2,7.460144E-2,7.540014E-2,7.618677E-2,7.696031E-2,7.771968E-2,7.846381E-2,7.919172E-2,7.990222E-2,8.059491E-2,8.126828E-2,8.192159E-2,8.255397E-2,8.316457E-2,8.375252E-2,8.431707E-2,8.485754E-2,8.537287E-2,8.586271E-2,8.632627E-2,8.676286E-2,8.717207E-2,8.755318E-2,8.790572E-2,8.822924E-2,8.852325E-2,8.878741E-2,8.902133E-2,8.922475E-2,8.939727E-2,8.953877E-2,8.964901E-2,8.972790E-2,8.977524E-2,8.979099E-2
0.95,164.7934,156.8777,136.0831,109.2120,82.86411,60.87515,44.25621,32.37795,24.08514,18.29602,14.19293,11.21690,9.003293,7.317772,6.008805,4.976354,4.152385,3.489049,2.951552,2.513825,2.155855,1.861983,1.619796,1.419363,1.252701,1.113373,9.961877E-1,8.969600E-1,8.123213E-1,7.395649E-1,6.765198E-1,6.214487E-1,5.729622E-1,5.299502E-1,4.915259E-1,4.569791E-1,4.257406E-1,3.973518E-1,3.714411E-1,3.477058E-1,3.258966E-1,3.058064E-1,2.872612E-1,2.701133E-1,2.542355E-1,2.395171E-1,2.258607E-1,2.131799E-1,2.013972E-1,1.904425E-1,1.802525E-1,1.707690E-1,1.619389E-1,1.537134E-1,1.460478E-1,1.389005E-1,1.322335E-1,1.260117E-1,1.202026E-1,1.147763E-1,1.097053E-1,1.049643E-1,1.005298E-1,9.638034E-2,9.249615E-2,8.885901E-2,8.545217E-2,8.226030E-2,7.926916E-2,7.646583E-2,7.383840E-2,7.137573E-2,6.906790E-2,6.690557E-2,6.488019E-2,6.298394E-2,6.120952E-2,5.955032E-2,5.800018E-2,5.655337E-2,5.520471E-2,5.394933E-2,5.278268E-2,5.170066E-2,5.069938E-2,4.977520E-2,4.892480E-2,4.814510E-2,4.743308E-2,4.678606E-2,4.620144E-2,4.567683E-2,4.520993E-2,4.479860E-2,4.444080E-2,4.413460E-2,4.387817E-2,4.366975E-2,4.350767E-2,4.339032E-2,4.331616E-2,4.328372E-2,4.329154E-2,4.333825E-2,4.342251E-2,4.354300E-2,4.369844E-2,4.388760E-2,4.410924E-2,4.436218E-2,4.464523E-2,4.495724E-2,4.529707E-2,4.566358E-2,4.605566E-2,4.647221E-2,4.691212E-2,4.737432E-2,4.785771E-2,4.836123E-2,4.888380E-2,4.942435E-2,4.998184E-2,5.055519E-2,5.114336E-2,5.174528E-2,5.235993E-2,5.298625E-2,5.362319E-2,5.426971E-2,5.492481E-2,5.558743E-2,5.625651E-2,5.693110E-2,5.761014E-2,5.829260E-2,5.897750E-2,5.966384E-2,6.035060E-2,6.103681E-2,6.172151E-2,6.240369E-2,6.308243E-2,6.375676E-2,6.442574E-2,6.508846E-2,6.574400E-2,6.639145E-2,6.702996E-2,6.765860E-2,6.827658E-2,6.888303E-2,6.947713E-2,7.005811E-2,7.062493E-2,7.117754E-2,7.171450E-2,7.223533E-2,7.273933E-2,7.322585E-2,7.369420E-2,7.414381E-2,7.456462E-2,7.498436E-2,7.537421E-2,7.574307E-2,7.609039E-2,7.641592E-2,7.671901E-2,7.699935E-2,7.725657E-2,7.749032E-2,7.770030E-2,7.788620E-2,7.804790E-2,7.818498E-2,7.829741E-2,7.838504E-2,7.844768E-2,7.848532E-2,7.849790E-2
1.0,166.8311,158.4506,136.5742,108.6308,81.63588,59.46291,42.95267,31.29626,23.22999,17.62888,13.66855,10.79742,8.660943,7.033330,5.769196,4.772576,3.978031,3.339343,2.822751,2.402864,2.060140,1.779278,1.548149,1.357073,1.198286,1.065552,9.538662E-1,8.592076E-1,7.783574E-1,7.087414E-1,6.483040E-1,5.954073E-1,5.487459E-1,5.072803E-1,4.701821E-1,4.367881E-1,4.065670E-1,3.790902E-1,3.540095E-1,3.310399E-1,3.099457E-1,2.905298E-1,2.726256E-1,2.560903E-1,2.408006E-1,2.266480E-1,2.135370E-1,2.013821E-1,1.901064E-1,1.796404E-1,1.699208E-1,1.608899E-1,1.524946E-1,1.446866E-1,1.374212E-1,1.306573E-1,1.243571E-1,1.184860E-1,1.130120E-1,1.079056E-1,1.031398E-1,9.868979E-2,9.453261E-2,9.064728E-2,8.701454E-2,8.361667E-2,8.043737E-2,7.746181E-2,7.467613E-2,7.206787E-2,6.962553E-2,6.733824E-2,6.519652E-2,6.319129E-2,6.131434E-2,5.955811E-2,5.791553E-2,5.638025E-2,5.494634E-2,5.360823E-2,5.236097E-2,5.119982E-2,5.012040E-2,4.911879E-2,4.819119E-2,4.733408E-2,4.654428E-2,4.581882E-2,4.515480E-2,4.454958E-2,4.400070E-2,4.350584E-2,4.306280E-2,4.266949E-2,4.232398E-2,4.202440E-2,4.176902E-2,4.155613E-2,4.138414E-2,4.125154E-2,4.115686E-2,4.109869E-2,4.107568E-2,4.108653E-2,4.112997E-2,4.120479E-2,4.130979E-2,4.144384E-2,4.160579E-2,4.179455E-2,4.200905E-2,4.224824E-2,4.251108E-2,4.279655E-2,4.310366E-2,4.343142E-2,4.377885E-2,4.414500E-2,4.452892E-2,4.492966E-2,4.534628E-2,4.577788E-2,4.622353E-2,4.668232E-2,4.715335E-2,4.763572E-2,4.812855E-2,4.863095E-2,4.914205E-2,4.966096E-2,5.018683E-2,5.071881E-2,5.125601E-2,5.179761E-2,5.234279E-2,5.289066E-2,5.344043E-2,5.399129E-2,5.454239E-2,5.509297E-2,5.564222E-2,5.618933E-2,5.673356E-2,5.727414E-2,5.781030E-2,5.834131E-2,5.886643E-2,5.938495E-2,5.989618E-2,6.039936E-2,6.089389E-2,6.137908E-2,6.185426E-2,6.231884E-2,6.277216E-2,6.321364E-2,6.364272E-2,6.405879E-2,6.446134E-2,6.484983E-2,6.522375E-2,6.558264E-2,6.592529E-2,6.625337E-2,6.656439E-2,6.685859E-2,6.713555E-2,6.739515E-2,6.763680E-2,6.786029E-2,6.806529E-2,6.825159E-2,6.841893E-2,6.856707E-2,6.869593E-2,6.880512E-2,6.889469E-2,6.896451E-2,6.901440E-2,6.904438E-2,6.905443E-2
2.0,194.4416,176.6064,135.3407,92.61260,60.45209,39.65520,26.88003,18.95706,13.84623,10.39213,7.959285,6.190675,4.875780,3.882972,3.125116,2.541735,2.089366,1.736042,1.457927,1.237122,1.060140,9.168100E-1,7.994659E-1,7.023260E-1,6.210288E-1,5.522771E-1,4.935705E-1,4.430016E-1,3.991058E-1,3.607474E-1,3.270367E-1,2.972675E-1,2.708727E-1,2.473899E-1,2.264377E-1,2.076973E-1,1.908994E-1,1.758140E-1,1.622430E-1,1.500151E-1,1.389804E-1,1.290081E-1,1.199828E-1,1.118030E-1,1.043790E-1,9.763115E-2,9.148911E-2,8.589037E-2,8.077934E-2,7.610665E-2,7.182833E-2,6.790528E-2,6.430260E-2,6.098921E-2,5.793736E-2,5.512225E-2,5.252175E-2,5.011602E-2,4.788732E-2,4.581975E-2,4.389904E-2,4.211236E-2,4.044820E-2,3.889619E-2,3.744697E-2,3.609212E-2,3.482402E-2,3.363578E-2,3.252116E-2,3.147452E-2,3.049070E-2,2.956505E-2,2.869331E-2,2.787161E-2,2.709642E-2,2.636450E-2,2.567289E-2,2.501888E-2,2.439999E-2,2.381392E-2,2.325857E-2,2.273200E-2,2.223244E-2,2.175820E-2,2.130778E-2,2.087975E-2,2.047281E-2,2.008572E-2,1.971736E-2,1.936668E-2,1.903268E-2,1.871446E-2,1.841115E-2,1.812196E-2,1.784612E-2,1.758296E-2,1.733180E-2,1.709204E-2,1.686308E-2,1.664439E-2,1.643545E-2,1.623578E-2,1.604493E-2,1.586246E-2,1.568798E-2,1.552109E-2,1.536144E-2,1.520869E-2,1.506252E-2,1.492261E-2,1.478869E-2,1.466047E-2,1.453770E-2,1.442012E-2,1.430751E-2,1.419965E-2,1.409631E-2,1.399732E-2,1.390255E-2,1.381156E-2,1.372445E-2,1.364097E-2,1.356096E-2,1.348427E-2,1.341077E-2,1.334031E-2,1.327276E-2,1.320802E-2,1.314595E-2,1.308646E-2,1.302943E-2,1.297476E-2,1.292237E-2,1.287215E-2,1.282402E-2,1.277790E-2,1.273371E-2,1.269137E-2,1.265081E-2,1.261197E-2,1.257477E-2,1.253916E-2,1.250509E-2,1.247246E-2,1.244126E-2,1.241143E-2,1.238291E-2,1.235566E-2,1.232963E-2,1.230478E-2,1.228108E-2,1.225849E-2,1.223696E-2,1.221647E-2,1.219697E-2,1.217845E-2,1.216087E-2,1.214421E-2,1.212842E-2,1.211351E-2,1.209943E-2,1.208618E-2,1.207371E-2,1.206203E-2,1.205111E-2,1.204093E-2,1.203147E-2,1.202273E-2,1.201469E-2,1.200734E-2,1.200067E-2,1.199466E-2,1.198930E-2,1.198462E-2,1.198054E-2,1.197711E-2,1.197431E-2,1.197214E-2,1.197059E-2,1.196966E-2,1.196936E-2
3.0,210.1302,182.8824,126.4538,77.51627,46.79486,29.48963,19.65669,13.73261,9.923356,7.342666,5.530176,4.227083,3.275585,2.572852,2.048676,1.653776,1.353028,1.121233,9.402526E-1,7.970164E-1,6.820906E-1,5.886456E-1,5.117137E-1,4.476551E-1,3.937770E-1,3.480652E-1,3.089906E-1,2.753768E-1,2.463044E-1,2.210431E-1,1.990056E-1,1.797128E-1,1.627699E-1,1.478479E-1,1.346705E-1,1.230040E-1,1.126500E-1,1.034388E-1,9.522507E-2,8.788364E-2,8.130675E-2,7.540121E-2,7.008635E-2,6.529214E-2,6.095777E-2,5.703032E-2,5.346362E-2,5.021739E-2,4.725641E-2,4.454981E-2,4.207055E-2,3.979484E-2,3.770176E-2,3.577288E-2,3.399192E-2,3.234449E-2,3.081783E-2,2.940063E-2,2.808282E-2,2.685547E-2,2.571056E-2,2.464095E-2,2.364026E-2,2.270274E-2,2.182324E-2,2.099712E-2,2.022020E-2,1.948868E-2,1.879915E-2,1.814849E-2,1.753390E-2,1.695280E-2,1.640285E-2,1.588191E-2,1.538803E-2,1.491942E-2,1.447444E-2,1.405157E-2,1.364942E-2,1.326671E-2,1.290226E-2,1.255497E-2,1.222383E-2,1.190790E-2,1.160632E-2,1.131826E-2,1.104297E-2,1.077976E-2,1.052797E-2,1.028699E-2,1.005625E-2,9.835210E-3,9.623375E-3,9.420277E-3,9.225475E-3,9.038558E-3,8.859140E-3,8.686855E-3,8.521363E-3,8.362340E-3,8.209483E-3,8.062506E-3,7.921138E-3,7.785126E-3,7.654228E-3,7.528217E-3,7.406880E-3,7.290012E-3,7.177421E-3,7.068924E-3,6.964350E-3,6.863535E-3,6.766323E-3,6.672568E-3,6.582131E-3,6.494880E-3,6.410688E-3,6.329436E-3,6.251010E-3,6.175303E-3,6.102211E-3,6.031638E-3,5.963491E-3,5.897681E-3,5.834124E-3,5.772741E-3,5.713455E-3,5.656193E-3,5.600885E-3,5.547466E-3,5.495873E-3,5.446046E-3,5.397928E-3,5.351465E-3,5.306604E-3,5.263296E-3,5.221492E-3,5.181149E-3,5.142223E-3,5.104673E-3,5.068460E-3,5.033546E-3,4.999896E-3,4.967477E-3,4.936254E-3,4.906197E-3,4.877277E-3,4.849465E-3,4.822735E-3,4.797061E-3,4.772420E-3,4.748789E-3,4.726144E-3,4.704464E-3,4.683731E-3,4.663924E-3,4.645027E-3,4.627022E-3,4.609894E-3,4.593628E-3,4.578208E-3,4.563623E-3,4.549858E-3,4.536901E-3,4.524741E-3,4.513369E-3,4.502774E-3,4.492949E-3,4.483885E-3,4.475574E-3,4.468008E-3,4.461181E-3,4.455087E-3,4.449721E-3,4.445079E-3,4.441159E-3,4.437957E-3,4.435470E-3,4.433697E-3,4.432635E-3,4.432281E-3
4.0,220.8717,184.4545,116.4164,65.74833,37.95217,23.50444,15.53271,10.74342,7.659160,5.579526,4.137169,3.118648,2.389734,1.861687,1.474236,1.185924,9.680780E-1,8.008102E-1,6.702831E-1,5.668246E-1,4.836231E-1,4.158331E-1,3.599634E-1,3.134598E-1,2.744226E-1,2.414155E-1,2.133326E-1,1.893100E-1,1.686621E-1,1.508384E-1,1.353918E-1,1.219557E-1,1.102276E-1,9.995601E-2,9.093063E-2,8.297504E-2,7.594057E-2,6.970149E-2,6.415118E-2,5.919894E-2,5.476744E-2,5.079057E-2,4.721166E-2,4.398206E-2,4.105985E-2,3.840889E-2,3.599789E-2,3.379977E-2,3.179093E-2,2.995089E-2,2.826172E-2,2.670774E-2,2.527523E-2,2.395209E-2,2.272768E-2,2.159259E-2,2.053850E-2,1.955802E-2,1.864459E-2,1.779234E-2,1.699606E-2,1.625104E-2,1.555308E-2,1.489842E-2,1.428362E-2,1.370563E-2,1.316164E-2,1.264914E-2,1.216583E-2,1.170962E-2,1.127860E-2,1.087102E-2,1.048531E-2,1.011999E-2,9.773720E-3,9.445271E-3,9.133506E-3,8.837375E-3,8.555911E-3,8.288218E-3,8.033469E-3,7.790893E-3,7.559778E-3,7.339462E-3,7.129327E-3,6.928798E-3,6.737342E-3,6.554459E-3,6.379683E-3,6.212578E-3,6.052736E-3,5.899777E-3,5.753341E-3,5.613094E-3,5.478722E-3,5.349928E-3,5.226435E-3,5.107983E-3,4.994327E-3,4.885234E-3,4.780487E-3,4.679881E-3,4.583221E-3,4.490325E-3,4.401022E-3,4.315148E-3,4.232550E-3,4.153081E-3,4.076605E-3,4.002990E-3,3.932113E-3,3.863858E-3,3.798114E-3,3.734775E-3,3.673743E-3,3.614923E-3,3.558226E-3,3.503566E-3,3.450863E-3,3.400038E-3,3.351020E-3,3.303739E-3,3.258130E-3,3.214129E-3,3.171678E-3,3.130719E-3,3.091197E-3,3.053062E-3,3.016264E-3,2.980756E-3,2.946494E-3,2.913435E-3,2.881540E-3,2.850771E-3,2.821088E-3,2.792459E-3,2.764848E-3,2.738225E-3,2.712558E-3,2.687819E-3,2.663981E-3,2.641016E-3,2.618901E-3,2.597611E-3,2.577122E-3,2.557413E-3,2.538463E-3,2.520252E-3,2.502762E-3,2.485974E-3,2.469873E-3,2.454441E-3,2.439663E-3,2.425523E-3,2.412009E-3,2.399106E-3,2.386801E-3,2.375084E-3,2.363943E-3,2.353368E-3,2.343350E-3,2.333877E-3,2.324941E-3,2.316532E-3,2.308644E-3,2.301268E-3,2.294400E-3,2.288033E-3,2.282161E-3,2.276779E-3,2.271881E-3,2.267463E-3,2.263518E-3,2.260044E-3,2.257039E-3,2.254502E-3,2.252432E-3,2.250826E-3,2.249683E-3,2.248998E-3,2.248770E-3
5.0,228.9511,183.6739,106.8460,56.72876,31.88403,19.55528,12.81379,8.758012,6.154830,4.418894,3.234494,2.413245,1.835512,1.422872,1.123185,9.015753E-1,7.346181E-1,6.065034E-1,5.064731E-1,4.271286E-1,3.633079E-1,3.113492E-1,2.686067E-1,2.331312E-1,2.034607E-1,1.784786E-1,1.573186E-1,1.392998E-1,1.238799E-1,1.106233E-1,9.917677E-2,8.925178E-2,8.061160E-2,7.306059E-2,6.643652E-2,6.060423E-2,5.545070E-2,5.088108E-2,4.681550E-2,4.318649E-2,3.993685E-2,3.701799E-2,3.438844E-2,3.201274E-2,2.986047E-2,2.790549E-2,2.612519E-2,2.450004E-2,2.301309E-2,2.164958E-2,2.039661E-2,1.924291E-2,1.817859E-2,1.719493E-2,1.628424E-2,1.543971E-2,1.465532E-2,1.392569E-2,1.324602E-2,1.261205E-2,1.201994E-2,1.146624E-2,1.094785E-2,1.046197E-2,1.000608E-2,9.577878E-3,9.175297E-3,8.796444E-3,8.439595E-3,8.103179E-3,7.785761E-3,7.486025E-3,7.202766E-3,6.934877E-3,6.681340E-3,6.441218E-3,6.213646E-3,5.997825E-3,5.793019E-3,5.598546E-3,5.413772E-3,5.238113E-3,5.071022E-3,4.911996E-3,4.760563E-3,4.616285E-3,4.478755E-3,4.347593E-3,4.222443E-3,4.102973E-3,3.988875E-3,3.879857E-3,3.775649E-3,3.675995E-3,3.580659E-3,3.489415E-3,3.402055E-3,3.318382E-3,3.238211E-3,3.161367E-3,3.087686E-3,3.017014E-3,2.949206E-3,2.884125E-3,2.821643E-3,2.761637E-3,2.703992E-3,2.648601E-3,2.595361E-3,2.544175E-3,2.494950E-3,2.447601E-3,2.402046E-3,2.358207E-3,2.316011E-3,2.275388E-3,2.236273E-3,2.198602E-3,2.162317E-3,2.127360E-3,2.093678E-3,2.061221E-3,2.029940E-3,1.999791E-3,1.970729E-3,1.942714E-3,1.915705E-3,1.889665E-3,1.864559E-3,1.840352E-3,1.817013E-3,1.794511E-3,1.772818E-3,1.751904E-3,1.731744E-3,1.712313E-3,1.693586E-3,1.675540E-3,1.658153E-3,1.641405E-3,1.625277E-3,1.609749E-3,1.594804E-3,1.580424E-3,1.566593E-3,1.553295E-3,1.540515E-3,1.528240E-3,1.516456E-3,1.505151E-3,1.494313E-3,1.483929E-3,1.473990E-3,1.464484E-3,1.455401E-3,1.446732E-3,1.438469E-3,1.430602E-3,1.423125E-3,1.416029E-3,1.409309E-3,1.402957E-3,1.396966E-3,1.391331E-3,1.386044E-3,1.381103E-3,1.376502E-3,1.372238E-3,1.368306E-3,1.364704E-3,1.361426E-3,1.358469E-3,1.355829E-3,1.353504E-3,1.351492E-3,1.349794E-3,1.348410E-3,1.347336E-3,1.346574E-3,1.346118E-3,1.345966E-3
6.0,235.3889,181.5829,98.17526,49.72967,27.48527,16.72995,10.85690,7.325828,5.077558,3.599481,2.607815,1.931232,1.461628,1.129481,8.897182E-1,7.129620E-1,5.799365E-1,4.778685E-1,3.981742E-1,3.349891E-1,2.842264E-1,2.429786E-1,2.091336E-1,1.811266E-1,1.577771E-1,1.381801E-1,1.216318E-1,1.075793E-1,9.558277E-2,8.529033E-2,7.641768E-2,6.873391E-2,6.205051E-2,5.621255E-2,5.109224E-2,4.658368E-2,4.259872E-2,3.906368E-2,3.591678E-2,3.310597E-2,3.058726E-2,2.832334E-2,2.628243E-2,2.443738E-2,2.276492E-2,2.124506E-2,1.986049E-2,1.859627E-2,1.743942E-2,1.637859E-2,1.540389E-2,1.450664E-2,1.367922E-2,1.291489E-2,1.220769E-2,1.155235E-2,1.094418E-2,1.037900E-2,9.853058E-3,9.363017E-3,8.905869E-3,8.478905E-3,8.079688E-3,7.706018E-3,7.355896E-3,7.027516E-3,6.719234E-3,6.429555E-3,6.157114E-3,5.900667E-3,5.659075E-3,5.431294E-3,5.216369E-3,5.013422E-3,4.821646E-3,4.640297E-3,4.468691E-3,4.306196E-3,4.152227E-3,4.006245E-3,3.867751E-3,3.736280E-3,3.611405E-3,3.492726E-3,3.379873E-3,3.272502E-3,3.170292E-3,3.072946E-3,2.980184E-3,2.891748E-3,2.807396E-3,2.726900E-3,2.650050E-3,2.576647E-3,2.506507E-3,2.439456E-3,2.375332E-3,2.313981E-3,2.255262E-3,2.199039E-3,2.145186E-3,2.093585E-3,2.044125E-3,1.996699E-3,1.951209E-3,1.907563E-3,1.865673E-3,1.825455E-3,1.786832E-3,1.749730E-3,1.714079E-3,1.679814E-3,1.646872E-3,1.615196E-3,1.584728E-3,1.555418E-3,1.527215E-3,1.500072E-3,1.473945E-3,1.448790E-3,1.424568E-3,1.401240E-3,1.378772E-3,1.357129E-3,1.336278E-3,1.316188E-3,1.296831E-3,1.278177E-3,1.260202E-3,1.242878E-3,1.226183E-3,1.210095E-3,1.194591E-3,1.179651E-3,1.165255E-3,1.151386E-3,1.138023E-3,1.125152E-3,1.112755E-3,1.100818E-3,1.089327E-3,1.078267E-3,1.067625E-3,1.057389E-3,1.047547E-3,1.038087E-3,1.028997E-3,1.020269E-3,1.011893E-3,1.003858E-3,9.961572E-4,9.887814E-4,9.817224E-4,9.749726E-4,9.685246E-4,9.623715E-4,9.565070E-4,9.509252E-4,9.456207E-4,9.405881E-4,9.358222E-4,9.313179E-4,9.270704E-4,9.230751E-4,9.193280E-4,9.158256E-4,9.125649E-4,9.095430E-4,9.067574E-4,9.042051E-4,9.018831E-4,8.997884E-4,8.979185E-4,8.962714E-4,8.948465E-4,8.936435E-4,8.926626E-4,8.919032E-4,8.913635E-4,8.910413E-4,8.909343E-4
7.0,240.7261,178.7255,90.46725,44.19565,24.14909,14.58993,9.367349,6.239373,4.269826,2.994573,2.152278,1.585333,1.195803,9.220995E-1,7.252299E-1,5.803171E-1,4.713089E-1,3.876924E-1,3.224403E-1,2.707610E-1,2.293083E-1,1.956930E-1,1.681729E-1,1.454525E-1,1.265529E-1,1.107232E-1,9.738006E-2,8.606622E-2,7.641911E-2,6.814960E-2,6.102509E-2,5.485738E-2,4.949341E-2,4.480782E-2,4.069758E-2,3.707751E-2,3.387689E-2,3.103672E-2,2.850760E-2,2.624796E-2,2.422269E-2,2.240200E-2,2.076055E-2,1.927667E-2,1.793178E-2,1.670987E-2,1.559711E-2,1.458154E-2,1.365273E-2,1.280157E-2,1.202010E-2,1.130134E-2,1.063912E-2,1.002801E-2,9.463179E-3,8.940364E-3,8.455754E-3,8.005951E-3,7.587916E-3,7.198925E-3,6.836531E-3,6.498527E-3,6.182926E-3,5.887932E-3,5.611917E-3,5.353405E-3,5.111059E-3,4.883656E-3,4.670085E-3,4.469332E-3,4.280468E-3,4.102645E-3,3.935085E-3,3.777074E-3,3.627957E-3,3.487131E-3,3.354041E-3,3.228174E-3,3.109059E-3,2.996259E-3,2.889371E-3,2.788022E-3,2.691867E-3,2.600584E-3,2.513877E-3,2.431469E-3,2.353104E-3,2.278544E-3,2.207565E-3,2.139961E-3,2.075539E-3,2.014119E-3,1.955533E-3,1.899624E-3,1.846246E-3,1.795260E-3,1.746538E-3,1.699961E-3,1.655414E-3,1.612793E-3,1.571999E-3,1.532937E-3,1.495521E-3,1.459668E-3,1.425300E-3,1.392346E-3,1.360736E-3,1.330407E-3,1.301296E-3,1.273347E-3,1.246506E-3,1.220722E-3,1.195946E-3,1.172133E-3,1.149240E-3,1.127227E-3,1.106054E-3,1.085687E-3,1.066089E-3,1.047229E-3,1.029075E-3,1.011599E-3,9.947727E-4,9.785698E-4,9.629656E-4,9.479363E-4,9.334594E-4,9.195135E-4,9.060783E-4,8.931348E-4,8.806646E-4,8.686504E-4,8.570760E-4,8.459255E-4,8.351841E-4,8.248373E-4,8.148718E-4,8.052745E-4,7.960334E-4,7.871370E-4,7.785742E-4,7.703346E-4,7.624082E-4,7.547854E-4,7.474571E-4,7.404144E-4,7.336493E-4,7.271540E-4,7.209212E-4,7.149439E-4,7.092156E-4,7.037298E-4,6.984804E-4,6.934615E-4,6.886677E-4,6.840937E-4,6.797348E-4,6.755865E-4,6.716446E-4,6.679050E-4,6.643640E-4,6.610176E-4,6.578623E-4,6.548946E-4,6.521116E-4,6.495105E-4,6.470890E-4,6.448450E-4,6.427765E-4,6.408812E-4,6.391571E-4,6.376019E-4,6.362138E-4,6.349912E-4,6.339334E-4,6.330404E-4,6.323121E-4,6.317482E-4,6.313475E-4,6.311083E-4,6.310289E-4
8.0,245.2825,175.4149,83.66107,39.73497,21.52526,12.90133,8.190078,5.387211,3.644895,2.533592,1.809744,1.327864,9.992624E-1,7.693818E-1,6.043821E-1,4.830284E-1,3.917763E-1,3.218115E-1,2.672572E-1,2.241019E-1,1.895381E-1,1.615555E-1,1.386851E-1,1.198337E-1,1.041747E-1,9.107509E-2,8.004407E-2,7.069771E-2,6.273263E-2,5.590738E-2,5.002838E-2,4.493939E-2,4.051359E-2,3.664737E-2,3.325569E-2,3.026830E-2,2.762697E-2,2.528315E-2,2.319616E-2,2.133182E-2,1.966121E-2,1.815984E-2,1.680681E-2,1.558425E-2,1.447684E-2,1.347136E-2,1.255638E-2,1.172199E-2,1.095955E-2,1.026153E-2,9.621305E-3,9.033077E-3,8.491725E-3,7.992721E-3,7.532057E-3,7.106171E-3,6.711892E-3,6.346387E-3,6.007122E-3,5.691828E-3,5.398463E-3,5.125188E-3,4.870346E-3,4.632443E-3,4.410122E-3,4.202156E-3,4.007431E-3,3.824933E-3,3.653737E-3,3.493003E-3,3.341960E-3,3.199907E-3,3.066198E-3,2.940244E-3,2.821505E-3,2.709483E-3,2.603720E-3,2.503796E-3,2.409322E-3,2.319940E-3,2.235318E-3,2.155152E-3,2.079159E-3,2.007077E-3,1.938664E-3,1.873695E-3,1.811960E-3,1.753265E-3,1.697430E-3,1.644287E-3,1.593679E-3,1.545461E-3,1.499498E-3,1.455661E-3,1.413834E-3,1.373905E-3,1.335771E-3,1.299334E-3,1.264505E-3,1.231199E-3,1.199335E-3,1.168839E-3,1.139642E-3,1.111677E-3,1.084883E-3,1.059202E-3,1.034578E-3,1.010961E-3,9.883013E-4,9.665547E-4,9.456775E-4,9.256293E-4,9.063718E-4,8.878690E-4,8.700868E-4,8.529930E-4,8.365572E-4,8.207507E-4,8.055461E-4,7.909178E-4,7.768414E-4,7.632939E-4,7.502533E-4,7.376990E-4,7.256115E-4,7.139720E-4,7.027628E-4,6.919672E-4,6.815692E-4,6.715538E-4,6.619067E-4,6.526142E-4,6.436634E-4,6.350421E-4,6.267384E-4,6.187414E-4,6.110403E-4,6.036251E-4,5.964862E-4,5.896147E-4,5.830018E-4,5.766395E-4,5.705198E-4,5.646354E-4,5.589790E-4,5.535439E-4,5.483237E-4,5.433123E-4,5.385040E-4,5.338933E-4,5.294751E-4,5.252444E-4,5.211964E-4,5.173266E-4,5.136307E-4,5.101047E-4,5.067447E-4,5.035474E-4,5.005094E-4,4.976275E-4,4.948987E-4,4.923201E-4,4.898889E-4,4.876026E-4,4.854586E-4,4.834550E-4,4.815899E-4,4.798614E-4,4.782680E-4,4.768082E-4,4.754801E-4,4.742824E-4,4.732134E-4,4.722721E-4,4.714578E-4,4.707703E-4,4.702093E-4,4.697747E-4,4.694657E-4,4.692812E-4,4.692198E-4
9.0,249.2620,171.8438,77.65870,36.07408,19.40085,11.52838,7.234635,4.702736,3.150036,2.173613,1.545264,1.130634,8.494494E-1,6.533111E-1,5.127071E-1,4.093464E-1,3.316514E-1,2.721124E-1,2.257255E-1,1.890698E-1,1.597465E-1,1.360355E-1,1.166787E-1,1.007398E-1,8.751167E-2,7.645347E-2,6.714664E-2,5.926438E-2,5.254905E-2,4.679594E-2,4.184122E-2,3.755285E-2,3.382378E-2,3.056664E-2,2.770973E-2,2.519389E-2,2.297007E-2,2.099737E-2,1.924153E-2,1.767374E-2,1.626963E-2,1.500851E-2,1.387278E-2,1.284733E-2,1.191921E-2,1.107725E-2,1.031178E-2,9.614396E-3,8.977793E-3,8.395578E-3,7.862144E-3,7.372567E-3,6.922503E-3,6.508115E-3,6.125999E-3,5.773133E-3,5.446827E-3,5.144677E-3,4.864537E-3,4.604482E-3,4.362783E-3,4.137882E-3,3.928380E-3,3.733010E-3,3.550627E-3,3.380195E-3,3.220775E-3,3.071511E-3,2.931627E-3,2.800413E-3,2.677224E-3,2.561469E-3,2.452608E-3,2.350148E-3,2.253636E-3,2.162655E-3,2.076825E-3,1.995793E-3,1.919237E-3,1.846857E-3,1.778380E-3,1.713550E-3,1.652135E-3,1.593916E-3,1.538694E-3,1.486282E-3,1.436506E-3,1.389208E-3,1.344238E-3,1.301458E-3,1.260738E-3,1.221960E-3,1.185012E-3,1.149789E-3,1.116195E-3,1.084139E-3,1.053536E-3,1.024307E-3,9.963782E-4,9.696796E-4,9.441467E-4,9.197185E-4,8.963382E-4,8.739519E-4,8.525095E-4,8.319635E-4,8.122697E-4,7.933862E-4,7.752737E-4,7.578954E-4,7.412162E-4,7.252035E-4,7.098261E-4,6.950549E-4,6.808623E-4,6.672222E-4,6.541101E-4,6.415026E-4,6.293779E-4,6.177152E-4,6.064948E-4,5.956980E-4,5.853073E-4,5.753059E-4,5.656780E-4,5.564086E-4,5.474836E-4,5.388892E-4,5.306129E-4,5.226423E-4,5.149661E-4,5.075732E-4,5.004532E-4,4.935962E-4,4.869929E-4,4.806342E-4,4.745118E-4,4.686174E-4,4.629436E-4,4.574828E-4,4.522283E-4,4.471735E-4,4.423119E-4,4.376378E-4,4.331453E-4,4.288291E-4,4.246840E-4,4.207052E-4,4.168880E-4,4.132280E-4,4.097211E-4,4.063633E-4,4.031508E-4,4.000800E-4,3.971474E-4,3.943500E-4,3.916845E-4,3.891482E-4,3.867384E-4,3.844526E-4,3.822883E-4,3.802432E-4,3.783152E-4,3.765022E-4,3.748023E-4,3.732137E-4,3.717350E-4,3.703647E-4,3.691014E-4,3.679439E-4,3.668910E-4,3.659415E-4,3.650942E-4,3.643483E-4,3.637031E-4,3.631583E-4,3.627136E-4,3.623687E-4,3.621233E-4,3.619766E-4,3.619278E-4
10.0,252.8014,168.1356,72.35738,33.02018,17.64017,10.38668,6.443925,4.142977,2.750961,1.886914,1.336597,9.759873E-1,7.324164E-1,5.628390E-1,4.413648E-1,3.520938E-1,2.850105E-1,2.336287E-1,1.936250E-1,1.620395E-1,1.367943E-1,1.163982E-1,9.976046E-2,8.606963E-2,7.471363E-2,6.522481E-2,5.724181E-2,5.048287E-2,4.472612E-2,3.979549E-2,3.555016E-2,3.187675E-2,2.868338E-2,2.589506E-2,2.345029E-2,2.129834E-2,1.939709E-2,1.771146E-2,1.621205E-2,1.487411E-2,1.367671E-2,1.260210E-2,1.163511E-2,1.076277E-2,9.973946E-3,9.259016E-3,8.609655E-3,8.018642E-3,7.479680E-3,6.987264E-3,6.536570E-3,6.123357E-3,5.743887E-3,5.394857E-3,5.073340E-3,4.776735E-3,4.502733E-3,4.249267E-3,4.014494E-3,3.796764E-3,3.594592E-3,3.406646E-3,3.231727E-3,3.068750E-3,2.916739E-3,2.774807E-3,2.642154E-3,2.518051E-3,2.401835E-3,2.292904E-3,2.190709E-3,2.094748E-3,2.004564E-3,1.919738E-3,1.839886E-3,1.764658E-3,1.693730E-3,1.626806E-3,1.563614E-3,1.503900E-3,1.447435E-3,1.394005E-3,1.343413E-3,1.295476E-3,1.250026E-3,1.206908E-3,1.165977E-3,1.127098E-3,1.090147E-3,1.055008E-3,1.021574E-3,9.897460E-4,9.594296E-4,9.305387E-4,9.029924E-4,8.767153E-4,8.516367E-4,8.276908E-4,8.048163E-4,7.829555E-4,7.620546E-4,7.420633E-4,7.229342E-4,7.046229E-4,6.870877E-4,6.702895E-4,6.541915E-4,6.387592E-4,6.239601E-4,6.097639E-4,5.961416E-4,5.830661E-4,5.705119E-4,5.584549E-4,5.468722E-4,5.357424E-4,5.250453E-4,5.147617E-4,5.048736E-4,4.953638E-4,4.862162E-4,4.774154E-4,4.689469E-4,4.607969E-4,4.529524E-4,4.454012E-4,4.381314E-4,4.311322E-4,4.243928E-4,4.179034E-4,4.116544E-4,4.056368E-4,3.998421E-4,3.942622E-4,3.888893E-4,3.837162E-4,3.787359E-4,3.739417E-4,3.693273E-4,3.648868E-4,3.606144E-4,3.565048E-4,3.525528E-4,3.487535E-4,3.451022E-4,3.415946E-4,3.382263E-4,3.349935E-4,3.318922E-4,3.289190E-4,3.260703E-4,3.233430E-4,3.207338E-4,3.182400E-4,3.158586E-4,3.135871E-4,3.114230E-4,3.093639E-4,3.074076E-4,3.055520E-4,3.037952E-4,3.021352E-4,3.005703E-4,2.990988E-4,2.977193E-4,2.964303E-4,2.952304E-4,2.941185E-4,2.930934E-4,2.921542E-4,2.912997E-4,2.905292E-4,2.898419E-4,2.892369E-4,2.887137E-4,2.882719E-4,2.879110E-4,2.876310E-4,2.874314E-4,2.873119E-4,2.872721E-4
11.0,255.9968,164.3719,67.66180,30.43533,16.15311,9.420736,5.779659,3.678637,2.424278,1.654791,1.168961,8.523519E-1,6.391169E-1,4.908400E-1,3.846666E-1,3.066533E-1,2.480435E-1,2.031696E-1,1.682512E-1,1.406976E-1,1.186886E-1,1.009177E-1,8.642903E-2,7.451237E-2,6.463212E-2,5.637953E-2,4.943902E-2,4.356471E-2,3.856312E-2,3.428080E-2,3.059509E-2,2.740724E-2,2.463723E-2,2.221978E-2,2.010135E-2,1.823774E-2,1.659231E-2,1.513449E-2,1.383866E-2,1.268326E-2,1.165007E-2,1.072360E-2,9.890639E-3,9.139882E-3,8.461611E-3,7.847450E-3,7.290138E-3,6.783382E-3,6.321692E-3,5.900275E-3,5.514928E-3,5.161957E-3,4.838111E-3,4.540516E-3,4.266626E-3,4.014182E-3,3.781177E-3,3.565820E-3,3.366511E-3,3.181820E-3,3.010463E-3,2.851285E-3,2.703250E-3,2.565422E-3,2.436958E-3,2.317093E-3,2.205138E-3,2.100465E-3,2.002504E-3,1.910739E-3,1.824697E-3,1.743948E-3,1.668101E-3,1.596797E-3,1.529707E-3,1.466532E-3,1.406995E-3,1.350844E-3,1.297845E-3,1.247786E-3,1.200468E-3,1.155710E-3,1.113345E-3,1.073218E-3,1.035186E-3,9.991166E-4,9.648872E-4,9.323841E-4,9.015019E-4,8.721428E-4,8.442159E-4,8.176369E-4,7.923272E-4,7.682136E-4,7.452279E-4,7.233064E-4,7.023895E-4,6.824219E-4,6.633517E-4,6.451305E-4,6.277131E-4,6.110569E-4,5.951222E-4,5.798718E-4,5.652704E-4,5.512852E-4,5.378854E-4,5.250420E-4,5.127277E-4,5.009169E-4,4.895856E-4,4.787109E-4,4.682715E-4,4.582470E-4,4.486183E-4,4.393676E-4,4.304778E-4,4.219329E-4,4.137178E-4,4.058181E-4,3.982204E-4,3.909118E-4,3.838800E-4,3.771136E-4,3.706017E-4,3.643341E-4,3.583008E-4,3.524928E-4,3.469011E-4,3.415175E-4,3.363339E-4,3.313430E-4,3.265373E-4,3.219104E-4,3.174556E-4,3.131669E-4,3.090385E-4,3.050648E-4,3.012406E-4,2.975608E-4,2.940207E-4,2.906158E-4,2.873418E-4,2.841946E-4,2.811702E-4,2.782652E-4,2.754758E-4,2.727988E-4,2.702310E-4,2.677694E-4,2.654110E-4,2.631533E-4,2.609935E-4,2.589294E-4,2.569585E-4,2.550787E-4,2.532879E-4,2.515840E-4,2.499654E-4,2.484301E-4,2.469766E-4,2.456032E-4,2.443087E-4,2.430915E-4,2.419504E-4,2.408843E-4,2.398919E-4,2.389723E-4,2.381245E-4,2.373477E-4,2.366410E-4,2.360037E-4,2.354353E-4,2.349351E-4,2.345027E-4,2.341374E-4,2.338391E-4,2.336073E-4,2.334419E-4,2.333427E-4,2.333096E-4
12.0,258.9179,160.6076,63.48784,28.21909,14.87762,8.592292,5.214920,3.288899,2.153444,1.464191,1.032193,7.518675E-1,5.634529E-1,4.325308E-1,3.387998E-1,2.699327E-1,2.182020E-1,1.786059E-1,1.478060E-1,1.235129E-1,1.041169E-1,8.846261E-2,7.570503E-2,6.521633E-2,5.652343E-2,4.926539E-2,4.316375E-2,3.800160E-2,3.360830E-2,2.984856E-2,2.661426E-2,2.381836E-2,2.139034E-2,1.927265E-2,1.741813E-2,1.578781E-2,1.434939E-2,1.307594E-2,1.194489E-2,1.093723E-2,1.003689E-2,9.230226E-3,8.505606E-3,7.853064E-3,7.264040E-3,6.731157E-3,6.248023E-3,5.809097E-3,5.409552E-3,5.045170E-3,4.712256E-3,4.407567E-3,4.128246E-3,3.871771E-3,3.635910E-3,3.418683E-3,3.218331E-3,3.033287E-3,2.862152E-3,2.703676E-3,2.556737E-3,2.420329E-3,2.293547E-3,2.175577E-3,2.065683E-3,1.963203E-3,1.867535E-3,1.778136E-3,1.694510E-3,1.616210E-3,1.542827E-3,1.473989E-3,1.409356E-3,1.348618E-3,1.291493E-3,1.237720E-3,1.187063E-3,1.139303E-3,1.094239E-3,1.051688E-3,1.011479E-3,9.734574E-4,9.374782E-4,9.034091E-4,8.711272E-4,8.405191E-4,8.114796E-4,7.839112E-4,7.577238E-4,7.328334E-4,7.091623E-4,6.866386E-4,6.651949E-4,6.447686E-4,6.253016E-4,6.067394E-4,5.890312E-4,5.721296E-4,5.559905E-4,5.405726E-4,5.258373E-4,5.117483E-4,4.982719E-4,4.853762E-4,4.730312E-4,4.612091E-4,4.498835E-4,4.390298E-4,4.286247E-4,4.186466E-4,4.090749E-4,3.998902E-4,3.910744E-4,3.826101E-4,3.744811E-4,3.666722E-4,3.591690E-4,3.519578E-4,3.450258E-4,3.383609E-4,3.319515E-4,3.257867E-4,3.198562E-4,3.141502E-4,3.086594E-4,3.033752E-4,2.982892E-4,2.933936E-4,2.886809E-4,2.841441E-4,2.797764E-4,2.755713E-4,2.715229E-4,2.676253E-4,2.638732E-4,2.602613E-4,2.567848E-4,2.534389E-4,2.502191E-4,2.471213E-4,2.441413E-4,2.412754E-4,2.385199E-4,2.358713E-4,2.333263E-4,2.308819E-4,2.285351E-4,2.262830E-4,2.241229E-4,2.220523E-4,2.200687E-4,2.181698E-4,2.163535E-4,2.146177E-4,2.129604E-4,2.113798E-4,2.098741E-4,2.084417E-4,2.070809E-4,2.057903E-4,2.045685E-4,2.034141E-4,2.023260E-4,2.013030E-4,2.003440E-4,1.994480E-4,1.986140E-4,1.978413E-4,1.971288E-4,1.964760E-4,1.958822E-4,1.953467E-4,1.948691E-4,1.944488E-4,1.940856E-4,1.937788E-4,1.935282E-4,1.933333E-4,1.931941E-4,1.931104E-4,1.930825E-4
13.0,261.6166,156.8801,59.76298,26.29708,13.76956,7.873964,4.730074,2.958504,1.926434,1.305757,9.191053E-1,6.690305E-1,5.011818E-1,3.845935E-1,3.011241E-1,2.397940E-1,1.937275E-1,1.584729E-1,1.310574E-1,1.094403E-1,9.218704E-2,7.826717E-2,6.692746E-2,5.760816E-2,4.988770E-2,4.344445E-2,3.803037E-2,3.345221E-2,2.955802E-2,2.622731E-2,2.336380E-2,2.089000E-2,1.874312E-2,1.687194E-2,1.523445E-2,1.379600E-2,1.252783E-2,1.140598E-2,1.041036E-2,9.524073E-3,8.732821E-3,8.024474E-3,7.388691E-3,6.816617E-3,6.300648E-3,5.834233E-3,5.411701E-3,5.028132E-3,4.679248E-3,4.361309E-3,4.071044E-3,3.805579E-3,3.562390E-3,3.339245E-3,3.134171E-3,2.945421E-3,2.771444E-3,2.610856E-3,2.462426E-3,2.325052E-3,2.197748E-3,2.079630E-3,1.969902E-3,1.867850E-3,1.772829E-3,1.684257E-3,1.601609E-3,1.524407E-3,1.452220E-3,1.384656E-3,1.321357E-3,1.261999E-3,1.206285E-3,1.153946E-3,1.104735E-3,1.058426E-3,1.014812E-3,9.737033E-4,9.349260E-4,8.983197E-4,8.637374E-4,8.310434E-4,8.001129E-4,7.708308E-4,7.430907E-4,7.167943E-4,6.918505E-4,6.681749E-4,6.456895E-4,6.243217E-4,6.040043E-4,5.846749E-4,5.662756E-4,5.487522E-4,5.320544E-4,5.161352E-4,5.009508E-4,4.864603E-4,4.726256E-4,4.594110E-4,4.467833E-4,4.347112E-4,4.231656E-4,4.121190E-4,4.015457E-4,3.914216E-4,3.817239E-4,3.724315E-4,3.635244E-4,3.549838E-4,3.467922E-4,3.389328E-4,3.313899E-4,3.241486E-4,3.171952E-4,3.105162E-4,3.040995E-4,2.979333E-4,2.920065E-4,2.863087E-4,2.808300E-4,2.755609E-4,2.704927E-4,2.656168E-4,2.609253E-4,2.564108E-4,2.520662E-4,2.478846E-4,2.438597E-4,2.399853E-4,2.362558E-4,2.326655E-4,2.292092E-4,2.258821E-4,2.226794E-4,2.195967E-4,2.166298E-4,2.137746E-4,2.110274E-4,2.083844E-4,2.058421E-4,2.033973E-4,2.010469E-4,1.987879E-4,1.966175E-4,1.945330E-4,1.925318E-4,1.906116E-4,1.887699E-4,1.870046E-4,1.853136E-4,1.836950E-4,1.821468E-4,1.806673E-4,1.792549E-4,1.779079E-4,1.766248E-4,1.754042E-4,1.742447E-4,1.731451E-4,1.721040E-4,1.711205E-4,1.701935E-4,1.693220E-4,1.685051E-4,1.677419E-4,1.670315E-4,1.663733E-4,1.657665E-4,1.652104E-4,1.647046E-4,1.642485E-4,1.638417E-4,1.634838E-4,1.631745E-4,1.629133E-4,1.626999E-4,1.625339E-4,1.624152E-4,1.623437E-4,1.623199E-4
14.0,264.1323,153.2146,56.42545,24.61332,12.79672,7.245501,4.310375,2.675983,1.734309,1.172630,8.244922E-1,5.998893E-1,4.492719E-1,3.446643E-1,2.697616E-1,2.147192E-1,1.733746E-1,1.417367E-1,1.171382E-1,9.774742E-2,8.227572E-2,6.979768E-2,5.963660E-2,5.128960E-2,4.437794E-2,3.861267E-2,3.377095E-2,2.967918E-2,2.620086E-2,2.322775E-2,2.067339E-2,1.846819E-2,1.655577E-2,1.489016E-2,1.343364E-2,1.215513E-2,1.102883E-2,1.003324E-2,9.150361E-3,8.365036E-3,7.664466E-3,7.037782E-3,6.475723E-3,5.970369E-3,5.514915E-3,5.103503E-3,4.731067E-3,4.393212E-3,4.086118E-3,3.806449E-3,3.551289E-3,3.318077E-3,3.104563E-3,2.908764E-3,2.728923E-3,2.563489E-3,2.411082E-3,2.270477E-3,2.140579E-3,2.020414E-3,1.909108E-3,1.805877E-3,1.710018E-3,1.620901E-3,1.537954E-3,1.460666E-3,1.388571E-3,1.321250E-3,1.258321E-3,1.199440E-3,1.144293E-3,1.092593E-3,1.044081E-3,9.985187E-4,9.556900E-4,9.153965E-4,8.774566E-4,8.417042E-4,8.079864E-4,7.761628E-4,7.461047E-4,7.176934E-4,6.908196E-4,6.653825E-4,6.412892E-4,6.184536E-4,5.967962E-4,5.762433E-4,5.567267E-4,5.381829E-4,5.205534E-4,5.037837E-4,4.878232E-4,4.726246E-4,4.581442E-4,4.443409E-4,4.311764E-4,4.186153E-4,4.066241E-4,3.951720E-4,3.842299E-4,3.737706E-4,3.637686E-4,3.542002E-4,3.450428E-4,3.362755E-4,3.278785E-4,3.198333E-4,3.121227E-4,3.047303E-4,2.976406E-4,2.908393E-4,2.843126E-4,2.780477E-4,2.720323E-4,2.662552E-4,2.607054E-4,2.553728E-4,2.502479E-4,2.453215E-4,2.405850E-4,2.360302E-4,2.316495E-4,2.274354E-4,2.233812E-4,2.194803E-4,2.157265E-4,2.121139E-4,2.086371E-4,2.052906E-4,2.020694E-4,1.989688E-4,1.959842E-4,1.931114E-4,1.903463E-4,1.876850E-4,1.851239E-4,1.826595E-4,1.802883E-4,1.780074E-4,1.758135E-4,1.737039E-4,1.716760E-4,1.697270E-4,1.678546E-4,1.660564E-4,1.643302E-4,1.626740E-4,1.610856E-4,1.595631E-4,1.581049E-4,1.567091E-4,1.553742E-4,1.540986E-4,1.528808E-4,1.517196E-4,1.506134E-4,1.495612E-4,1.485617E-4,1.476138E-4,1.467166E-4,1.458689E-4,1.450700E-4,1.443189E-4,1.436148E-4,1.429571E-4,1.423450E-4,1.417777E-4,1.412549E-4,1.407758E-4,1.403399E-4,1.399469E-4,1.395964E-4,1.392880E-4,1.390215E-4,1.387965E-4,1.386127E-4,1.384697E-4,1.383673E-4,1.383056E-4,1.382850E-4
15.0,266.4956,149.6283,53.42285,23.12500,11.93495,6.691517,3.944483,2.432548,1.570299,1.059685,7.445064E-1,5.415440E-1,4.055082E-1,3.110194E-1,2.433457E-1,1.936059E-1,1.562416E-1,1.276507E-1,1.054247E-1,8.790825E-2,7.393650E-2,6.267250E-2,5.350410E-2,4.597630E-2,3.974637E-2,3.455279E-2,3.019389E-2,2.651254E-2,2.338521E-2,2.071397E-2,1.842058E-2,1.644210E-2,1.472755E-2,1.323537E-2,1.193149E-2,1.078781E-2,9.781028E-3,8.891751E-3,8.103728E-3,7.403291E-3,6.778898E-3,6.220755E-3,5.720519E-3,5.271059E-3,4.866253E-3,4.500832E-3,4.170240E-3,3.870530E-3,3.598272E-3,3.350473E-3,3.124517E-3,2.918108E-3,2.729234E-3,2.556116E-3,2.397186E-3,2.251055E-3,2.116491E-3,1.992399E-3,1.877805E-3,1.771838E-3,1.673719E-3,1.582751E-3,1.498309E-3,1.419831E-3,1.346809E-3,1.278789E-3,1.215358E-3,1.156142E-3,1.100805E-3,1.049040E-3,1.000569E-3,9.551387E-4,9.125186E-4,8.724987E-4,8.348874E-4,7.995093E-4,7.662041E-4,7.348248E-4,7.052365E-4,6.773151E-4,6.509472E-4,6.260278E-4,6.024607E-4,5.801569E-4,5.590345E-4,5.390176E-4,5.200362E-4,5.020253E-4,4.849248E-4,4.686790E-4,4.532361E-4,4.385483E-4,4.245710E-4,4.112627E-4,3.985847E-4,3.865011E-4,3.749782E-4,3.639846E-4,3.534911E-4,3.434705E-4,3.338973E-4,3.247475E-4,3.159988E-4,3.076303E-4,2.996221E-4,2.919559E-4,2.846144E-4,2.775812E-4,2.708412E-4,2.643800E-4,2.581842E-4,2.522409E-4,2.465382E-4,2.410648E-4,2.358100E-4,2.307638E-4,2.259167E-4,2.212597E-4,2.167845E-4,2.124831E-4,2.083480E-4,2.043718E-4,2.005479E-4,1.968699E-4,1.933317E-4,1.899276E-4,1.866522E-4,1.835003E-4,1.804670E-4,1.775478E-4,1.747381E-4,1.720338E-4,1.694309E-4,1.669257E-4,1.645146E-4,1.621943E-4,1.599614E-4,1.578130E-4,1.557461E-4,1.537579E-4,1.518457E-4,1.500072E-4,1.482399E-4,1.465416E-4,1.449100E-4,1.433433E-4,1.418394E-4,1.403965E-4,1.390128E-4,1.376867E-4,1.364165E-4,1.352008E-4,1.340382E-4,1.329273E-4,1.318668E-4,1.308555E-4,1.298923E-4,1.289761E-4,1.281059E-4,1.272806E-4,1.264994E-4,1.257614E-4,1.250659E-4,1.244121E-4,1.237992E-4,1.232266E-4,1.226938E-4,1.222000E-4,1.217449E-4,1.213279E-4,1.209486E-4,1.206066E-4,1.203014E-4,1.200330E-4,1.198011E-4,1.196053E-4,1.194454E-4,1.193209E-4,1.192317E-4,1.191780E-4,1.191600E-4
16.0,268.7308,146.1323,50.71084,21.79893,11.16578,6.200055,3.623513,2.221354,1.429200,9.630308E-1,6.762539E-1,4.918262E-1,3.682399E-1,2.823775E-1,2.208623E-1,1.756382E-1,1.416624E-1,1.156652E-1,9.545832E-2,7.953729E-2,6.684254E-2,5.661247E-2,4.828981E-2,4.146024E-2,3.581158E-2,3.110561E-2,2.715861E-2,2.382744E-2,2.099960E-2,1.858590E-2,1.651512E-2,1.472999E-2,1.318413E-2,1.183973E-2,1.066583E-2,9.636896E-3,8.731775E-3,7.932852E-3,7.225384E-3,6.596976E-3,6.037164E-3,5.537077E-3,5.089160E-3,4.686957E-3,4.324930E-3,3.998318E-3,3.703003E-3,3.435421E-3,3.192476E-3,2.971469E-3,2.770041E-3,2.586126E-3,2.417909E-3,2.263792E-3,2.122363E-3,1.992375E-3,1.872721E-3,1.762419E-3,1.660594E-3,1.566464E-3,1.479334E-3,1.398578E-3,1.323636E-3,1.254006E-3,1.189234E-3,1.128913E-3,1.072675E-3,1.020186E-3,9.711461E-4,9.252809E-4,8.823427E-4,8.421058E-4,8.043647E-4,7.689325E-4,7.356385E-4,7.043264E-4,6.748536E-4,6.470895E-4,6.209138E-4,5.962165E-4,5.728965E-4,5.508608E-4,5.300235E-4,5.103059E-4,4.916351E-4,4.739438E-4,4.571697E-4,4.412552E-4,4.261471E-4,4.117956E-4,3.981552E-4,3.851832E-4,3.728401E-4,3.610891E-4,3.498959E-4,3.392287E-4,3.290575E-4,3.193547E-4,3.100943E-4,3.012521E-4,2.928056E-4,2.847335E-4,2.770162E-4,2.696349E-4,2.625722E-4,2.558118E-4,2.493384E-4,2.431375E-4,2.371956E-4,2.315002E-4,2.260391E-4,2.208012E-4,2.157759E-4,2.109530E-4,2.063232E-4,2.018775E-4,1.976077E-4,1.935058E-4,1.895644E-4,1.857764E-4,1.821350E-4,1.786340E-4,1.752674E-4,1.720295E-4,1.689150E-4,1.659187E-4,1.630360E-4,1.602622E-4,1.575930E-4,1.550243E-4,1.525523E-4,1.501731E-4,1.478834E-4,1.456797E-4,1.435590E-4,1.415182E-4,1.395545E-4,1.376653E-4,1.358478E-4,1.340996E-4,1.324185E-4,1.308022E-4,1.292485E-4,1.277556E-4,1.263216E-4,1.249445E-4,1.236228E-4,1.223547E-4,1.211388E-4,1.199734E-4,1.188573E-4,1.177891E-4,1.167676E-4,1.157916E-4,1.148600E-4,1.139716E-4,1.131255E-4,1.123207E-4,1.115562E-4,1.108313E-4,1.101452E-4,1.094971E-4,1.088862E-4,1.083120E-4,1.077738E-4,1.072709E-4,1.068030E-4,1.063694E-4,1.059698E-4,1.056036E-4,1.052706E-4,1.049702E-4,1.047023E-4,1.044666E-4,1.042629E-4,1.040910E-4,1.039506E-4,1.038414E-4,1.037631E-4,1.037158E-4,1.037000E-4
17.0,270.8570,142.7338,48.25183,20.60904,10.47481,5.761648,3.340391,2.036993,1.306951,8.796665E-1,6.175219E-1,4.490877E-1,3.362159E-1,2.577695E-1,2.015463E-1,1.602016E-1,1.291368E-1,1.053678E-1,8.689602E-2,7.234638E-2,6.074975E-2,5.140917E-2,4.381440E-2,3.758598E-2,3.243791E-2,2.815194E-2,2.455974E-2,2.153021E-2,1.896029E-2,1.676834E-2,1.488917E-2,1.327038E-2,1.186956E-2,1.065216E-2,9.589888E-3,8.659433E-3,7.841489E-3,7.119987E-3,6.481487E-3,5.914697E-3,5.410084E-3,4.959573E-3,4.556292E-3,4.194371E-3,3.868778E-3,3.575188E-3,3.309863E-3,3.069570E-3,2.851502E-3,2.653213E-3,2.472566E-3,2.307692E-3,2.156949E-3,2.018892E-3,1.892245E-3,1.775882E-3,1.668804E-3,1.570125E-3,1.479055E-3,1.394892E-3,1.317007E-3,1.244837E-3,1.177880E-3,1.115682E-3,1.057837E-3,1.003977E-3,9.537731E-4,9.069252E-4,8.631628E-4,8.222409E-4,7.839370E-4,7.480485E-4,7.143914E-4,6.827981E-4,6.531156E-4,6.252040E-4,5.989355E-4,5.741932E-4,5.508696E-4,5.288660E-4,5.080920E-4,4.884645E-4,4.699068E-4,4.523482E-4,4.357238E-4,4.199733E-4,4.050411E-4,3.908756E-4,3.774293E-4,3.646579E-4,3.525206E-4,3.409792E-4,3.299985E-4,3.195457E-4,3.095901E-4,3.001032E-4,2.910585E-4,2.824311E-4,2.741979E-4,2.663374E-4,2.588293E-4,2.516548E-4,2.447962E-4,2.382369E-4,2.319613E-4,2.259550E-4,2.202041E-4,2.146958E-4,2.094182E-4,2.043599E-4,1.995103E-4,1.948592E-4,1.903972E-4,1.861154E-4,1.820054E-4,1.780593E-4,1.742695E-4,1.706291E-4,1.671314E-4,1.637701E-4,1.605393E-4,1.574333E-4,1.544467E-4,1.515745E-4,1.488119E-4,1.461545E-4,1.435980E-4,1.411382E-4,1.387715E-4,1.364940E-4,1.343023E-4,1.321932E-4,1.301634E-4,1.282101E-4,1.263305E-4,1.245218E-4,1.227816E-4,1.211074E-4,1.194970E-4,1.179481E-4,1.164586E-4,1.150266E-4,1.136503E-4,1.123278E-4,1.110576E-4,1.098379E-4,1.086672E-4,1.075442E-4,1.064673E-4,1.054353E-4,1.044470E-4,1.035012E-4,1.025967E-4,1.017326E-4,1.009077E-4,1.001212E-4,9.937216E-5,9.865967E-5,9.798296E-5,9.734129E-5,9.673395E-5,9.616027E-5,9.561962E-5,9.511139E-5,9.463500E-5,9.418996E-5,9.377579E-5,9.339207E-5,9.303840E-5,9.271439E-5,9.241967E-5,9.215390E-5,9.191680E-5,9.170818E-5,9.152788E-5,9.137577E-5,9.125158E-5,9.115496E-5,9.108569E-5,9.104386E-5,9.102985E-5
18.0,272.8901,139.4369,46.01394,19.53459,9.850599,5.368673,3.089409,1.875146,1.200348,8.072509E-1,5.665965E-1,4.120567E-1,3.084740E-1,2.364516E-1,1.848112E-1,1.468263E-1,1.182829E-1,9.644450E-2,7.947678E-2,6.611643E-2,5.547258E-2,4.690410E-2,3.994139E-2,3.423512E-2,2.952192E-2,2.560082E-2,2.231683E-2,1.954926E-2,1.720326E-2,1.520375E-2,1.349078E-2,1.201619E-2,1.074103E-2,9.633585E-3,8.667891E-3,7.822572E-3,7.079935E-3,6.425258E-3,5.846238E-3,5.332542E-3,4.875453E-3,4.467589E-3,4.102672E-3,3.775344E-3,3.481012E-3,3.215732E-3,2.976097E-3,2.759161E-3,2.562369E-3,2.383495E-3,2.220595E-3,2.071970E-3,1.936128E-3,1.811757E-3,1.697699E-3,1.592932E-3,1.496552E-3,1.407754E-3,1.325823E-3,1.250123E-3,1.180086E-3,1.115201E-3,1.055015E-3,9.991180E-4,9.471417E-4,8.987552E-4,8.536602E-4,8.115867E-4,7.722903E-4,7.355500E-4,7.011650E-4,6.689529E-4,6.387476E-4,6.103981E-4,5.837666E-4,5.587271E-4,5.351644E-4,5.129734E-4,4.920571E-4,4.723268E-4,4.537013E-4,4.361055E-4,4.194706E-4,4.037330E-4,3.888342E-4,3.747201E-4,3.613406E-4,3.486494E-4,3.366038E-4,3.251639E-4,3.142930E-4,3.039570E-4,2.941241E-4,2.847647E-4,2.758514E-4,2.673586E-4,2.592623E-4,2.515404E-4,2.441719E-4,2.371377E-4,2.304195E-4,2.240003E-4,2.178644E-4,2.119968E-4,2.063835E-4,2.010115E-4,1.958684E-4,1.909428E-4,1.862238E-4,1.817013E-4,1.773657E-4,1.732080E-4,1.692197E-4,1.653928E-4,1.617197E-4,1.581934E-4,1.548071E-4,1.515545E-4,1.484296E-4,1.454269E-4,1.425409E-4,1.397666E-4,1.370992E-4,1.345342E-4,1.320672E-4,1.296944E-4,1.274117E-4,1.252157E-4,1.231028E-4,1.210698E-4,1.191135E-4,1.172310E-4,1.154194E-4,1.136762E-4,1.119989E-4,1.103850E-4,1.088322E-4,1.073385E-4,1.059017E-4,1.045199E-4,1.031912E-4,1.019139E-4,1.006862E-4,9.950670E-5,9.837379E-5,9.728604E-5,9.624208E-5,9.524059E-5,9.428034E-5,9.336016E-5,9.247894E-5,9.163564E-5,9.082928E-5,9.005888E-5,8.932356E-5,8.862244E-5,8.795470E-5,8.731959E-5,8.671639E-5,8.614445E-5,8.560313E-5,8.509183E-5,8.460998E-5,8.415703E-5,8.373248E-5,8.333584E-5,8.296673E-5,8.262477E-5,8.230960E-5,8.202088E-5,8.175829E-5,8.152148E-5,8.131019E-5,8.112426E-5,8.096357E-5,8.082801E-5,8.071738E-5,8.063134E-5,8.056965E-5,8.053238E-5,8.051989E-5
19.0,274.8428,136.2435,43.97003,18.55887,9.283947,5.014909,2.865912,1.732325,1.106839,7.439348E-1,5.221343E-1,3.797398E-1,2.842640E-1,2.178449E-1,1.702017E-1,1.351480E-1,1.088052E-1,8.865263E-2,7.299892E-2,6.067821E-2,5.086767E-2,4.297476E-2,3.656524E-2,3.131603E-2,2.698349E-2,2.338174E-2,2.036743E-2,1.782898E-2,1.567877E-2,1.384741E-2,1.227959E-2,1.093086E-2,9.765294E-3,8.753675E-3,7.872087E-3,7.100854E-3,6.423695E-3,5.827076E-3,5.299691E-3,4.832048E-3,4.416146E-3,4.045212E-3,3.713492E-3,3.416071E-3,3.148746E-3,2.907904E-3,2.690429E-3,2.493627E-3,2.315161E-3,2.152998E-3,2.005364E-3,1.870707E-3,1.747667E-3,1.635048E-3,1.531793E-3,1.436973E-3,1.349763E-3,1.269431E-3,1.195327E-3,1.126872E-3,1.063550E-3,1.004897E-3,9.505002E-4,8.999883E-4,8.530268E-4,8.093154E-4,7.685833E-4,7.305855E-4,6.951006E-4,6.619282E-4,6.308863E-4,6.018095E-4,5.745473E-4,5.489632E-4,5.249322E-4,5.023401E-4,4.810829E-4,4.610652E-4,4.421994E-4,4.244052E-4,4.076089E-4,3.917430E-4,3.767448E-4,3.625571E-4,3.491269E-4,3.364053E-4,3.243469E-4,3.129100E-4,3.020558E-4,2.917485E-4,2.819547E-4,2.726436E-4,2.637865E-4,2.553568E-4,2.473296E-4,2.396817E-4,2.323916E-4,2.254392E-4,2.188056E-4,2.124735E-4,2.064264E-4,2.006489E-4,1.951269E-4,1.898468E-4,1.847959E-4,1.799626E-4,1.753356E-4,1.709047E-4,1.666599E-4,1.625923E-4,1.586931E-4,1.549542E-4,1.513679E-4,1.479270E-4,1.446246E-4,1.414544E-4,1.384104E-4,1.354868E-4,1.326782E-4,1.299795E-4,1.273860E-4,1.248931E-4,1.224963E-4,1.201917E-4,1.179755E-4,1.158438E-4,1.137934E-4,1.118209E-4,1.099231E-4,1.080972E-4,1.063404E-4,1.046499E-4,1.030232E-4,1.014581E-4,9.995209E-5,9.850316E-5,9.710923E-5,9.576834E-5,9.447864E-5,9.323834E-5,9.204578E-5,9.089939E-5,8.979766E-5,8.873915E-5,8.772253E-5,8.674648E-5,8.580976E-5,8.491118E-5,8.404965E-5,8.322409E-5,8.243352E-5,8.167700E-5,8.095365E-5,8.026259E-5,7.960301E-5,7.897413E-5,7.837521E-5,7.780557E-5,7.726457E-5,7.675161E-5,7.626614E-5,7.580761E-5,7.537550E-5,7.496932E-5,7.458860E-5,7.423292E-5,7.390192E-5,7.359528E-5,7.331267E-5,7.305380E-5,7.281837E-5,7.260605E-5,7.241661E-5,7.224987E-5,7.210575E-5,7.198418E-5,7.188501E-5,7.180793E-5,7.175266E-5,7.171925E-5,7.170805E-5
20.0,276.7256,133.1539,42.09694,17.66832,8.767342,4.695217,2.666063,1.605686,1.024364,6.882423E-1,4.830678E-1,3.513512E-1,2.629939E-1,2.014936E-1,1.573600E-1,1.248807E-1,1.004720E-1,8.180190E-2,6.730449E-2,5.589916E-2,4.682268E-2,3.952505E-2,3.360309E-2,2.875670E-2,2.475960E-2,2.143918E-2,1.866237E-2,1.632561E-2,1.434763E-2,1.266412E-2,1.122382E-2,9.985593E-3,8.916189E-3,7.988583E-3,7.180677E-3,6.474294E-3,5.854407E-3,5.308530E-3,4.826237E-3,4.398780E-3,4.018789E-3,3.680032E-3,3.377211E-3,3.105810E-3,2.861963E-3,2.642351E-3,2.444114E-3,2.264778E-3,2.102201E-3,1.954519E-3,1.820105E-3,1.697537E-3,1.585571E-3,1.483111E-3,1.389192E-3,1.302963E-3,1.223671E-3,1.150645E-3,1.083293E-3,1.021086E-3,9.635525E-4,9.102698E-4,8.608608E-4,8.149869E-4,7.723432E-4,7.326558E-4,6.956782E-4,6.611871E-4,6.289806E-4,5.988765E-4,5.707089E-4,5.443274E-4,5.195949E-4,4.963871E-4,4.745905E-4,4.541010E-4,4.348240E-4,4.166728E-4,3.995677E-4,3.834358E-4,3.682100E-4,3.538289E-4,3.402356E-4,3.273780E-4,3.152080E-4,3.036811E-4,2.927561E-4,2.823952E-4,2.725630E-4,2.632269E-4,2.543568E-4,2.459247E-4,2.379043E-4,2.302716E-4,2.230040E-4,2.160804E-4,2.094813E-4,2.031883E-4,1.971845E-4,1.914540E-4,1.859818E-4,1.807541E-4,1.757580E-4,1.709811E-4,1.664120E-4,1.620400E-4,1.578550E-4,1.538476E-4,1.500089E-4,1.463307E-4,1.428051E-4,1.394246E-4,1.361824E-4,1.330718E-4,1.300867E-4,1.272213E-4,1.244701E-4,1.218280E-4,1.192899E-4,1.168514E-4,1.145081E-4,1.122558E-4,1.100905E-4,1.080086E-4,1.060066E-4,1.040812E-4,1.022293E-4,1.004478E-4,9.873405E-5,9.708523E-5,9.549884E-5,9.397247E-5,9.250383E-5,9.109075E-5,8.973120E-5,8.842323E-5,8.716497E-5,8.595466E-5,8.479060E-5,8.367119E-5,8.259492E-5,8.156035E-5,8.056614E-5,7.961099E-5,7.869366E-5,7.781299E-5,7.696783E-5,7.615713E-5,7.537986E-5,7.463509E-5,7.392190E-5,7.323947E-5,7.258697E-5,7.196363E-5,7.136870E-5,7.080147E-5,7.026129E-5,6.974752E-5,6.925959E-5,6.879698E-5,6.835917E-5,6.794566E-5,6.755600E-5,6.718972E-5,6.684640E-5,6.652567E-5,6.622719E-5,6.595067E-5,6.569584E-5,6.546244E-5,6.525018E-5,6.505876E-5,6.488795E-5,6.473759E-5,6.460761E-5,6.449798E-5,6.440858E-5,6.433913E-5,6.428934E-5,6.425925E-5,6.424915E-5
